;Time;Thrust;BEM_Pressure;N2O_Pressure;N2O_Weight
0;0.0014040470123291016;0.007820999999999995;-8.910763771121516e-05;0.0007871457843970225;-0.02635223574358303
1;0.012423276901245117;0.010820999999999997;-0.0015994065819691025;-0.007163821734764805;-0.024857243076448654
2;0.02312016487121582;0.008820999999999996;-8.910763771121516e-05;-0.0031883379751838914;-0.024857243076448654
3;0.03380227088928223;0.009820999999999996;-8.910763771121516e-05;0.0007871457843970225;-0.02635223574358303
4;0.04453086853027344;0.009820999999999996;-0.0015994065819691025;0.0007871457843970225;-0.02635223574358303
5;0.05536651611328125;0.009820999999999996;-0.0015994065819691025;-0.007163821734764805;-0.024857243076448654
6;0.06605839729309082;0.008820999999999996;-0.0015994065819691025;-0.0031883379751838914;-0.024857243076448654
7;0.07679319381713867;0.010820999999999997;0.0014211913065466722;-0.007163821734764805;-0.027847228410717406
8;0.0874786376953125;0.008820999999999996;-0.0015994065819691025;-0.0031883379751838914;-0.024857243076448654
9;0.09817194938659668;0.008820999999999996;-0.0015994065819691025;-0.0031883379751838914;-0.024857243076448654
10;0.10885262489318848;0.009820999999999996;-8.910763771121516e-05;-0.0031883379751838914;-0.024857243076448654
11;0.12140393257141113;0.010820999999999997;-8.910763771121516e-05;-0.0031883379751838914;-0.021867257742179014
12;0.1320943832397461;0.009820999999999996;-8.910763771121516e-05;-0.0031883379751838914;-0.02336225040931339
13;0.14278697967529297;0.009820999999999996;-8.910763771121516e-05;-0.0031883379751838914;-0.024857243076448654
14;0.15346932411193848;0.009820999999999996;-8.910763771121516e-05;0.0007871457843970225;-0.020372265075044638
15;0.1641547679901123;0.010820999999999997;-8.910763771121516e-05;-0.007163821734764805;-0.02336225040931339
16;0.17484283447265625;0.009820999999999996;-0.0015994065819691025;-0.0031883379751838914;-0.024857243076448654
17;0.18553805351257324;0.010820999999999997;-0.0015994065819691025;0.0007871457843970225;-0.02336225040931339
18;0.1962268352508545;0.009820999999999996;-8.910763771121516e-05;-0.007163821734764805;-0.024857243076448654
19;0.20690488815307617;0.010820999999999997;-0.0015994065819691025;-0.0031883379751838914;-0.027847228410717406
20;0.21758460998535156;0.009820999999999996;-8.910763771121516e-05;0.0007871457843970225;-0.024857243076448654
21;0.22826623916625977;0.009820999999999996;-8.910763771121516e-05;-0.0031883379751838914;-0.02635223574358303
22;0.23895835876464844;0.009820999999999996;-0.0015994065819691025;-0.0031883379751838914;-0.02635223574358303
23;0.24964690208435059;0.010820999999999997;-0.0015994065819691025;0.0007871457843970225;-0.02635223574358303
24;0.2603325843811035;0.010820999999999997;-0.0015994065819691025;-0.007163821734764805;-0.027847228410717406
25;0.2710127830505371;0.009820999999999996;-0.0015994065819691025;-0.0031883379751838914;-0.027847228410717406
26;0.2817528247833252;0.009820999999999996;-8.910763771121516e-05;-0.0031883379751838914;-0.02635223574358303
27;0.292435884475708;0.010820999999999997;-0.0015994065819691025;-0.0031883379751838914;-0.024857243076448654
28;0.30312490463256836;0.010820999999999997;-8.910763771121516e-05;-0.0031883379751838914;-0.02635223574358303
29;0.3138103485107422;0.010820999999999997;-8.910763771121516e-05;-0.0031883379751838914;-0.024857243076448654
30;0.3244965076446533;0.010820999999999997;-8.910763771121516e-05;-0.0031883379751838914;-0.027847228410717406
31;0.33530116081237793;0.009820999999999996;-8.910763771121516e-05;-0.007163821734764805;-0.024857243076448654
32;0.34598755836486816;0.009820999999999996;-0.0015994065819691025;-0.007163821734764805;-0.021867257742179014
33;0.3566725254058838;0.008820999999999996;-8.910763771121516e-05;-0.0031883379751838914;-0.024857243076448654
34;0.3673572540283203;0.011820999999999998;-0.0015994065819691025;-0.0031883379751838914;-0.02336225040931339
35;0.3780827522277832;0.010820999999999997;-0.0015994065819691025;-0.007163821734764805;-0.02336225040931339
36;0.3887791633605957;0.008820999999999996;-8.910763771121516e-05;-0.007163821734764805;-0.024857243076448654
37;0.39953160285949707;0.009820999999999996;-8.910763771121516e-05;-0.0031883379751838914;-0.024857243076448654
38;0.4102151393890381;0.010820999999999997;-8.910763771121516e-05;-0.0031883379751838914;-0.02336225040931339
39;0.4208972454071045;0.009820999999999996;-8.910763771121516e-05;-0.0031883379751838914;-0.021867257742179014
40;0.4315831661224365;0.009820999999999996;-0.0015994065819691025;-0.0031883379751838914;-0.02336225040931339
41;0.442277193069458;0.011820999999999998;-0.0015994065819691025;-0.007163821734764805;-0.02336225040931339
42;0.45296287536621094;0.007820999999999995;-8.910763771121516e-05;-0.0031883379751838914;-0.024857243076448654
43;0.46364808082580566;0.009820999999999996;-8.910763771121516e-05;-0.0031883379751838914;-0.027847228410717406
44;0.4743311405181885;0.010820999999999997;-0.00310970552622699;-0.0031883379751838914;-0.024857243076448654
45;0.4850578308105469;0.009820999999999996;-0.0015994065819691025;-0.0031883379751838914;-0.024857243076448654
46;0.4957466125488281;0.009820999999999996;-8.910763771121516e-05;-0.0031883379751838914;-0.024857243076448654
47;0.5064389705657959;0.009820999999999996;-0.0015994065819691025;-0.0031883379751838914;-0.024857243076448654
48;0.5171263217926025;0.010820999999999997;-8.910763771121516e-05;-0.0031883379751838914;-0.02635223574358303
49;0.5278046131134033;0.009820999999999996;-8.910763771121516e-05;-0.007163821734764805;-0.02635223574358303
50;0.5384933948516846;0.009820999999999996;-8.910763771121516e-05;-0.0031883379751838914;-0.02635223574358303
51;0.5491807460784912;0.008820999999999996;-0.00310970552622699;-0.007163821734764805;-0.02635223574358303
52;0.5599229335784912;0.009820999999999996;-8.910763771121516e-05;-0.0031883379751838914;-0.02635223574358303
53;0.5706617832183838;0.010820999999999997;-8.910763771121516e-05;-0.0031883379751838914;-0.024857243076448654
54;0.5813612937927246;0.009820999999999996;-0.00310970552622699;-0.0031883379751838914;-0.024857243076448654
55;0.592099666595459;0.009820999999999996;-0.0015994065819691025;-0.007163821734764805;-0.02336225040931339
56;0.6027898788452148;0.009820999999999996;-0.0015994065819691025;-0.0031883379751838914;-0.021867257742179014
57;0.61348557472229;0.008820999999999996;-0.0015994065819691025;-0.0031883379751838914;-0.02336225040931339
58;0.6241810321807861;0.009820999999999996;-0.0015994065819691025;-0.0031883379751838914;-0.021867257742179014
59;0.6348798274993896;0.010820999999999997;-0.0015994065819691025;-0.007163821734764805;-0.02336225040931339
60;0.6455669403076172;0.011820999999999998;-8.910763771121516e-05;-0.0031883379751838914;-0.024857243076448654
61;0.6562542915344238;0.010820999999999997;-8.910763771121516e-05;-0.0031883379751838914;-0.02336225040931339
62;0.6669487953186035;0.010820999999999997;0.0014211913065466722;-0.0031883379751838914;-0.024857243076448654
63;0.6776413917541504;0.010820999999999997;-0.0015994065819691025;-0.0031883379751838914;-0.02635223574358303
64;0.6883671283721924;0.010820999999999997;-0.0015994065819691025;0.0007871457843970225;-0.024857243076448654
65;0.6990532875061035;0.010820999999999997;-0.0015994065819691025;-0.007163821734764805;-0.027847228410717406
66;0.7097432613372803;0.009820999999999996;-0.0015994065819691025;0.0007871457843970225;-0.02635223574358303
67;0.7204368114471436;0.009820999999999996;-8.910763771121516e-05;-0.0031883379751838914;-0.02635223574358303
68;0.7311215400695801;0.009820999999999996;-8.910763771121516e-05;-0.0031883379751838914;-0.02635223574358303
69;0.7418060302734375;0.009820999999999996;-8.910763771121516e-05;-0.0031883379751838914;-0.02635223574358303
70;0.752558708190918;0.008820999999999996;-8.910763771121516e-05;-0.0031883379751838914;-0.02635223574358303
71;0.7632954120635986;0.010820999999999997;-0.0015994065819691025;-0.0031883379751838914;-0.02635223574358303
72;0.773979663848877;0.009820999999999996;-8.910763771121516e-05;-0.0031883379751838914;-0.02336225040931339
73;0.7847073078155518;0.010820999999999997;-8.910763771121516e-05;-0.0031883379751838914;-0.02635223574358303
74;0.7953996658325195;0.009820999999999996;-8.910763771121516e-05;-0.0031883379751838914;-0.02635223574358303
75;0.8060944080352783;0.010820999999999997;-8.910763771121516e-05;-0.0031883379751838914;-0.024857243076448654
76;0.8167877197265625;0.009820999999999996;-0.0015994065819691025;-0.0031883379751838914;-0.024857243076448654
77;0.8274796009063721;0.009820999999999996;-8.910763771121516e-05;-0.0031883379751838914;-0.02336225040931339
78;0.8381674289703369;0.010820999999999997;0.0014211913065466722;-0.0031883379751838914;-0.02336225040931339
79;0.8488521575927734;0.010820999999999997;-8.910763771121516e-05;-0.0031883379751838914;-0.021867257742179014
80;0.8595426082611084;0.009820999999999996;-8.910763771121516e-05;-0.0031883379751838914;-0.02336225040931339
81;0.8702328205108643;0.010820999999999997;-0.0015994065819691025;-0.0031883379751838914;-0.024857243076448654
82;0.8809373378753662;0.009820999999999996;-8.910763771121516e-05;-0.0031883379751838914;-0.02336225040931339
83;0.891655445098877;0.009820999999999996;-0.0015994065819691025;-0.0031883379751838914;-0.024857243076448654
84;0.9023456573486328;0.010820999999999997;-0.00310970552622699;-0.0031883379751838914;-0.024857243076448654
85;0.9130344390869141;0.009820999999999996;-0.0015994065819691025;-0.007163821734764805;-0.024857243076448654
86;0.9237220287322998;0.011820999999999998;0.0014211913065466722;-0.0031883379751838914;-0.02336225040931339
87;0.934417724609375;0.011820999999999998;-0.0015994065819691025;-0.0031883379751838914;-0.024857243076448654
88;0.9451048374176025;0.010820999999999997;-0.0015994065819691025;-0.007163821734764805;-0.02635223574358303
89;0.955796480178833;0.009820999999999996;-0.0015994065819691025;-0.0031883379751838914;-0.024857243076448654
90;0.9664804935455322;0.010820999999999997;-8.910763771121516e-05;-0.0031883379751838914;-0.027847228410717406
91;0.9772653579711914;0.010820999999999997;-8.910763771121516e-05;0.0007871457843970225;-0.024857243076448654
92;0.9880423545837402;0.010820999999999997;-8.910763771121516e-05;-0.0031883379751838914;-0.02635223574358303
93;0.9987494945526123;0.009820999999999996;-8.910763771121516e-05;-0.0031883379751838914;-0.027847228410717406
94;1.011340856552124;0.009820999999999996;0.0014211913065466722;-0.0031883379751838914;-0.02336225040931339
95;1.0223147869110107;0.010820999999999997;-8.910763771121516e-05;-0.0031883379751838914;-0.02635223574358303
96;1.0330286026000977;0.010820999999999997;-8.910763771121516e-05;-0.0031883379751838914;-0.02336225040931339
97;1.0437304973602295;0.011820999999999998;-0.0015994065819691025;-0.0031883379751838914;-0.02635223574358303
98;1.0544333457946777;0.010820999999999997;-0.0015994065819691025;0.0007871457843970225;-0.024857243076448654
99;1.0651493072509766;0.007820999999999995;-0.0015994065819691025;0.0007871457843970225;-0.02336225040931339
100;1.075878620147705;0.012820999999999999;-8.910763771121516e-05;-0.0031883379751838914;-0.024857243076448654
101;1.086618185043335;0.008820999999999996;-8.910763771121516e-05;-0.007163821734764805;-0.02336225040931339
102;1.0973868370056152;0.010820999999999997;-8.910763771121516e-05;-0.0031883379751838914;-0.02635223574358303
103;1.1093311309814453;0.009820999999999996;0.0014211913065466722;-0.0031883379751838914;-0.02336225040931339
104;1.1200370788574219;0.010820999999999997;-8.910763771121516e-05;-0.0031883379751838914;-0.02336225040931339
105;1.1307320594787598;0.010820999999999997;-8.910763771121516e-05;-0.007163821734764805;-0.027847228410717406
106;1.1414294242858887;0.009820999999999996;-0.0015994065819691025;-0.0031883379751838914;-0.02336225040931339
107;1.1521310806274414;0.008820999999999996;-8.910763771121516e-05;-0.0031883379751838914;-0.024857243076448654
108;1.1628220081329346;0.011820999999999998;-8.910763771121516e-05;0.0007871457843970225;-0.02336225040931339
109;1.1735248565673828;0.009820999999999996;0.0014211913065466722;-0.0031883379751838914;-0.024857243076448654
110;1.1842079162597656;0.010820999999999997;-0.0015994065819691025;-0.0031883379751838914;-0.02635223574358303
111;1.194957971572876;0.009820999999999996;0.0014211913065466722;0.0007871457843970225;-0.024857243076448654
112;1.2056539058685303;0.007820999999999995;-0.0015994065819691025;0.0007871457843970225;-0.02635223574358303
113;1.2163476943969727;0.008820999999999996;-8.910763771121516e-05;0.0007871457843970225;-0.024857243076448654
114;1.227043867111206;0.009820999999999996;-8.910763771121516e-05;-0.0031883379751838914;-0.024857243076448654
115;1.23775053024292;0.010820999999999997;-0.0015994065819691025;-0.007163821734764805;-0.024857243076448654
116;1.248448371887207;0.011820999999999998;-0.0015994065819691025;-0.0031883379751838914;-0.024857243076448654
117;1.2591392993927002;0.008820999999999996;-8.910763771121516e-05;-0.0031883379751838914;-0.02336225040931339
118;1.2699439525604248;0.010820999999999997;-0.0015994065819691025;-0.007163821734764805;-0.02336225040931339
119;1.2806878089904785;0.010820999999999997;-8.910763771121516e-05;0.0007871457843970225;-0.024857243076448654
120;1.291419267654419;0.008820999999999996;-0.0015994065819691025;0.0007871457843970225;-0.02635223574358303
121;1.302116870880127;0.008820999999999996;-8.910763771121516e-05;-0.0031883379751838914;-0.02336225040931339
122;1.312812089920044;0.010820999999999997;-0.0015994065819691025;-0.0031883379751838914;-0.024857243076448654
123;1.3235054016113281;0.010820999999999997;-8.910763771121516e-05;-0.0031883379751838914;-0.024857243076448654
124;1.3342013359069824;0.010820999999999997;-8.910763771121516e-05;-0.0031883379751838914;-0.02336225040931339
125;1.344900131225586;0.009820999999999996;-0.0015994065819691025;-0.0031883379751838914;-0.024857243076448654
126;1.3556063175201416;0.010820999999999997;-8.910763771121516e-05;-0.0031883379751838914;-0.02336225040931339
127;1.3663251399993896;0.008820999999999996;-8.910763771121516e-05;-0.0031883379751838914;-0.020372265075044638
128;1.37703537940979;0.008820999999999996;-0.0015994065819691025;-0.0031883379751838914;-0.02336225040931339
129;1.387726068496704;0.007820999999999995;-8.910763771121516e-05;-0.0031883379751838914;-0.02336225040931339
130;1.3984668254852295;0.009820999999999996;-0.0015994065819691025;-0.0031883379751838914;-0.02635223574358303
131;1.40915846824646;0.010820999999999997;-0.0015994065819691025;0.0007871457843970225;-0.02635223574358303
132;1.419917106628418;0.010820999999999997;-8.910763771121516e-05;-0.0031883379751838914;-0.024857243076448654
133;1.4306666851043701;0.011820999999999998;-0.0015994065819691025;-0.0031883379751838914;-0.02635223574358303
134;1.4413650035858154;0.011820999999999998;-8.910763771121516e-05;0.0007871457843970225;-0.02934222107785267
135;1.4521117210388184;0.010820999999999997;0.0014211913065466722;-0.0031883379751838914;-0.02635223574358303
136;1.4628124237060547;0.010820999999999997;-8.910763771121516e-05;-0.0031883379751838914;-0.02635223574358303
137;1.4735119342803955;0.009820999999999996;-8.910763771121516e-05;-0.0031883379751838914;-0.024857243076448654
138;1.484203577041626;0.010820999999999997;-0.0015994065819691025;-0.0031883379751838914;-0.02635223574358303
139;1.4949455261230469;0.008820999999999996;-8.910763771121516e-05;-0.0031883379751838914;-0.024857243076448654
140;1.5056350231170654;0.010820999999999997;-0.0015994065819691025;-0.0031883379751838914;-0.024857243076448654
141;1.5163280963897705;0.009820999999999996;-0.0015994065819691025;-0.0031883379751838914;-0.02336225040931339
142;1.5270240306854248;0.009820999999999996;-8.910763771121516e-05;-0.0031883379751838914;-0.02336225040931339
143;1.5377154350280762;0.009820999999999996;-0.0015994065819691025;-0.0031883379751838914;-0.02635223574358303
144;1.54841947555542;0.010820999999999997;-8.910763771121516e-05;0.0007871457843970225;-0.024857243076448654
145;1.5591180324554443;0.010820999999999997;-0.0015994065819691025;-0.0031883379751838914;-0.024857243076448654
146;1.569873571395874;0.010820999999999997;-8.910763771121516e-05;-0.0031883379751838914;-0.024857243076448654
147;1.5806283950805664;0.009820999999999996;-8.910763771121516e-05;-0.007163821734764805;-0.02336225040931339
148;1.5913712978363037;0.009820999999999996;-8.910763771121516e-05;-0.007163821734764805;-0.021867257742179014
149;1.6021075248718262;0.010820999999999997;-8.910763771121516e-05;-0.0031883379751838914;-0.02635223574358303
150;1.6128079891204834;0.011820999999999998;-0.0015994065819691025;-0.007163821734764805;-0.02336225040931339
151;1.6235041618347168;0.010820999999999997;-0.0015994065819691025;-0.0031883379751838914;-0.02635223574358303
152;1.6342153549194336;0.009820999999999996;-0.0015994065819691025;-0.0031883379751838914;-0.027847228410717406
153;1.6449151039123535;0.009820999999999996;0.0014211913065466722;-0.0031883379751838914;-0.024857243076448654
154;1.6556098461151123;0.009820999999999996;-0.0015994065819691025;0.0007871457843970225;-0.02635223574358303
155;1.6663107872009277;0.008820999999999996;-8.910763771121516e-05;-0.0031883379751838914;-0.02635223574358303
156;1.6770086288452148;0.009820999999999996;-8.910763771121516e-05;-0.0031883379751838914;-0.02635223574358303
157;1.6877045631408691;0.009820999999999996;-8.910763771121516e-05;-0.0031883379751838914;-0.02635223574358303
158;1.69844651222229;0.010820999999999997;-8.910763771121516e-05;-0.0031883379751838914;-0.02635223574358303
159;1.709141731262207;0.011820999999999998;-8.910763771121516e-05;-0.007163821734764805;-0.027847228410717406
160;1.7199015617370605;0.010820999999999997;-0.0015994065819691025;-0.0031883379751838914;-0.024857243076448654
161;1.7306501865386963;0.010820999999999997;-0.0015994065819691025;-0.0031883379751838914;-0.02635223574358303
162;1.7413508892059326;0.009820999999999996;-0.0015994065819691025;-0.0031883379751838914;-0.02635223574358303
163;1.7520947456359863;0.010820999999999997;-8.910763771121516e-05;-0.0031883379751838914;-0.02635223574358303
164;1.7627968788146973;0.010820999999999997;-8.910763771121516e-05;-0.007163821734764805;-0.024857243076448654
165;1.7734978199005127;0.010820999999999997;-8.910763771121516e-05;0.0007871457843970225;-0.02336225040931339
166;1.7841949462890625;0.010820999999999997;-8.910763771121516e-05;-0.007163821734764805;-0.021867257742179014
167;1.794947624206543;0.008820999999999996;-0.00310970552622699;-0.0031883379751838914;-0.02336225040931339
168;1.805647850036621;0.009820999999999996;-8.910763771121516e-05;-0.0031883379751838914;-0.021867257742179014
169;1.8163440227508545;0.010820999999999997;-0.0015994065819691025;-0.007163821734764805;-0.024857243076448654
170;1.8270418643951416;0.010820999999999997;-8.910763771121516e-05;-0.0031883379751838914;-0.021867257742179014
171;1.8377406597137451;0.009820999999999996;-0.00310970552622699;-0.007163821734764805;-0.02336225040931339
172;1.848433494567871;0.009820999999999996;-0.0015994065819691025;-0.007163821734764805;-0.024857243076448654
173;1.8591320514678955;0.010820999999999997;-8.910763771121516e-05;-0.0031883379751838914;-0.024857243076448654
174;1.8699114322662354;0.009820999999999996;-0.0015994065819691025;-0.0031883379751838914;-0.02336225040931339
175;1.880666732788086;0.011820999999999998;-0.0015994065819691025;0.0007871457843970225;-0.02336225040931339
176;1.891364336013794;0.010820999999999997;-8.910763771121516e-05;0.0007871457843970225;-0.02635223574358303
177;1.902160882949829;0.011820999999999998;-0.0015994065819691025;-0.0031883379751838914;-0.02635223574358303
178;1.912856101989746;0.010820999999999997;-8.910763771121516e-05;-0.007163821734764805;-0.02635223574358303
179;1.9235517978668213;0.009820999999999996;0.0014211913065466722;-0.007163821734764805;-0.024857243076448654
180;1.9342460632324219;0.010820999999999997;-8.910763771121516e-05;-0.0031883379751838914;-0.024857243076448654
181;1.9449481964111328;0.009820999999999996;-0.0015994065819691025;-0.0031883379751838914;-0.02635223574358303
182;1.9556422233581543;0.010820999999999997;-0.00310970552622699;-0.0031883379751838914;-0.02635223574358303
183;1.9663493633270264;0.010820999999999997;-8.910763771121516e-05;-0.0031883379751838914;-0.02635223574358303
184;1.9770469665527344;0.009820999999999996;-8.910763771121516e-05;-0.0031883379751838914;-0.024857243076448654
185;1.9877402782440186;0.010820999999999997;-0.0015994065819691025;0.0007871457843970225;-0.024857243076448654
186;1.998471975326538;0.009820999999999996;-0.0015994065819691025;0.0007871457843970225;-0.024857243076448654
187;2.0091676712036133;0.010820999999999997;-0.00310970552622699;0.0007871457843970225;-0.024857243076448654
188;2.0199193954467773;0.010820999999999997;-8.910763771121516e-05;0.0007871457843970225;-0.024857243076448654
189;2.030681848526001;0.009820999999999996;-0.0015994065819691025;-0.007163821734764805;-0.024857243076448654
190;2.041384220123291;0.009820999999999996;-0.0015994065819691025;-0.0031883379751838914;-0.024857243076448654
191;2.0520851612091064;0.009820999999999996;-0.0015994065819691025;-0.0031883379751838914;-0.024857243076448654
192;2.0627851486206055;0.010820999999999997;-8.910763771121516e-05;-0.007163821734764805;-0.02635223574358303
193;2.073474645614624;0.010820999999999997;-0.0015994065819691025;-0.007163821734764805;-0.02336225040931339
194;2.0841755867004395;0.010820999999999997;-8.910763771121516e-05;-0.0031883379751838914;-0.024857243076448654
195;2.094900369644165;0.009820999999999996;-0.00310970552622699;0.0007871457843970225;-0.02635223574358303
196;2.1056036949157715;0.009820999999999996;-8.910763771121516e-05;-0.0031883379751838914;-0.024857243076448654
197;2.1163148880004883;0.009820999999999996;-8.910763771121516e-05;0.0007871457843970225;-0.02635223574358303
198;2.1270101070404053;0.010820999999999997;-0.00310970552622699;-0.007163821734764805;-0.024857243076448654
199;2.137704372406006;0.009820999999999996;-8.910763771121516e-05;-0.0031883379751838914;-0.024857243076448654
200;2.1496992111206055;0.009820999999999996;-8.910763771121516e-05;-0.007163821734764805;-0.024857243076448654
201;2.1603944301605225;0.008820999999999996;-0.0015994065819691025;0.0007871457843970225;-0.02934222107785267
202;2.171110153198242;0.009820999999999996;-0.0015994065819691025;0.0007871457843970225;-0.024857243076448654
203;2.181807279586792;0.009820999999999996;-8.910763771121516e-05;-0.0031883379751838914;-0.02635223574358303
204;2.192572593688965;0.008820999999999996;-8.910763771121516e-05;0.0007871457843970225;-0.02635223574358303
205;2.203373908996582;0.009820999999999996;-8.910763771121516e-05;-0.0031883379751838914;-0.024857243076448654
206;2.2140636444091797;0.010820999999999997;-8.910763771121516e-05;-0.007163821734764805;-0.024857243076448654
207;2.2247636318206787;0.008820999999999996;-8.910763771121516e-05;-0.007163821734764805;-0.02336225040931339
208;2.2354540824890137;0.008820999999999996;-8.910763771121516e-05;-0.0031883379751838914;-0.02336225040931339
209;2.246151924133301;0.009820999999999996;-8.910763771121516e-05;-0.0031883379751838914;-0.024857243076448654
210;2.256845235824585;0.009820999999999996;-0.0015994065819691025;-0.007163821734764805;-0.02336225040931339
211;2.267544746398926;0.009820999999999996;-8.910763771121516e-05;-0.0031883379751838914;-0.02336225040931339
212;2.2782344818115234;0.008820999999999996;-0.0015994065819691025;-0.0031883379751838914;-0.024857243076448654
213;2.2889373302459717;0.009820999999999996;0.0014211913065466722;-0.0031883379751838914;-0.021867257742179014
214;2.2996747493743896;0.009820999999999996;0.0014211913065466722;-0.0031883379751838914;-0.02336225040931339
215;2.310365676879883;0.009820999999999996;-0.0015994065819691025;-0.0031883379751838914;-0.024857243076448654
216;2.321054697036743;0.009820999999999996;-0.0015994065819691025;-0.0031883379751838914;-0.024857243076448654
217;2.331749677658081;0.010820999999999997;-0.0015994065819691025;-0.007163821734764805;-0.02336225040931339
218;2.3424463272094727;0.010820999999999997;-8.910763771121516e-05;-0.007163821734764805;-0.02635223574358303
219;2.353142738342285;0.009820999999999996;0.0014211913065466722;-0.0031883379751838914;-0.02635223574358303
220;2.3638346195220947;0.009820999999999996;-0.0015994065819691025;-0.007163821734764805;-0.024857243076448654
221;2.374523401260376;0.009820999999999996;-8.910763771121516e-05;-0.0031883379751838914;-0.02635223574358303
222;2.385343551635742;0.009820999999999996;-0.0015994065819691025;-0.007163821734764805;-0.024857243076448654
223;2.3960437774658203;0.012820999999999999;0.0014211913065466722;-0.0031883379751838914;-0.027847228410717406
224;2.4067838191986084;0.011820999999999998;0.0014211913065466722;-0.0031883379751838914;-0.027847228410717406
225;2.4174768924713135;0.009820999999999996;0.0014211913065466722;-0.007163821734764805;-0.024857243076448654
226;2.428175687789917;0.010820999999999997;-0.0015994065819691025;-0.0031883379751838914;-0.027847228410717406
227;2.4388725757598877;0.010820999999999997;-8.910763771121516e-05;-0.0031883379751838914;-0.024857243076448654
228;2.4495654106140137;0.008820999999999996;0.0014211913065466722;-0.0031883379751838914;-0.027847228410717406
229;2.4602606296539307;0.010820999999999997;-0.0015994065819691025;0.0007871457843970225;-0.024857243076448654
230;2.470953941345215;0.009820999999999996;-8.910763771121516e-05;-0.007163821734764805;-0.02336225040931339
231;2.48165225982666;0.010820999999999997;-0.0015994065819691025;-0.007163821734764805;-0.024857243076448654
232;2.4923434257507324;0.009820999999999996;-8.910763771121516e-05;-0.007163821734764805;-0.02336225040931339
233;2.5030877590179443;0.010820999999999997;-0.0015994065819691025;-0.007163821734764805;-0.02336225040931339
234;2.513803005218506;0.010820999999999997;-0.0015994065819691025;0.0007871457843970225;-0.021867257742179014
235;2.5245025157928467;0.009820999999999996;-8.910763771121516e-05;-0.0031883379751838914;-0.02336225040931339
236;2.535305976867676;0.009820999999999996;-8.910763771121516e-05;-0.007163821734764805;-0.024857243076448654
237;2.546008348464966;0.009820999999999996;-0.0015994065819691025;-0.0031883379751838914;-0.024857243076448654
238;2.5567049980163574;0.010820999999999997;-8.910763771121516e-05;-0.0031883379751838914;-0.02336225040931339
239;2.567397117614746;0.009820999999999996;-0.0015994065819691025;0.0007871457843970225;-0.02635223574358303
240;2.5781009197235107;0.010820999999999997;-0.0015994065819691025;-0.0031883379751838914;-0.024857243076448654
241;2.5887937545776367;0.011820999999999998;-8.910763771121516e-05;0.0007871457843970225;-0.027847228410717406
242;2.5994908809661865;0.009820999999999996;0.0014211913065466722;0.0007871457843970225;-0.02635223574358303
243;2.6102294921875;0.009820999999999996;-0.0015994065819691025;-0.0031883379751838914;-0.02635223574358303
244;2.62092924118042;0.009820999999999996;-8.910763771121516e-05;-0.0031883379751838914;-0.02635223574358303
245;2.6316282749176025;0.008820999999999996;-8.910763771121516e-05;-0.0031883379751838914;-0.02635223574358303
246;2.642324686050415;0.009820999999999996;-8.910763771121516e-05;-0.0031883379751838914;-0.027847228410717406
247;2.6530234813690186;0.009820999999999996;-8.910763771121516e-05;-0.007163821734764805;-0.024857243076448654
248;2.6637139320373535;0.010820999999999997;-8.910763771121516e-05;-0.0031883379751838914;-0.02635223574358303
249;2.6744046211242676;0.009820999999999996;-8.910763771121516e-05;0.0007871457843970225;-0.027847228410717406
250;2.6851072311401367;0.010820999999999997;-8.910763771121516e-05;-0.0031883379751838914;-0.02336225040931339
251;2.695805311203003;0.009820999999999996;-0.0015994065819691025;-0.0031883379751838914;-0.027847228410717406
252;2.7065203189849854;0.010820999999999997;-8.910763771121516e-05;0.0007871457843970225;-0.027847228410717406
253;2.7172868251800537;0.009820999999999996;-0.0015994065819691025;-0.007163821734764805;-0.02336225040931339
254;2.7280421257019043;0.010820999999999997;-0.0015994065819691025;0.0007871457843970225;-0.024857243076448654
255;2.738741874694824;0.010820999999999997;-8.910763771121516e-05;-0.0031883379751838914;-0.02336225040931339
256;2.74944806098938;0.009820999999999996;-0.0015994065819691025;-0.0031883379751838914;-0.024857243076448654
257;2.760138988494873;0.010820999999999997;-8.910763771121516e-05;0.0007871457843970225;-0.024857243076448654
258;2.77083420753479;0.008820999999999996;0.0014211913065466722;-0.0031883379751838914;-0.02336225040931339
259;2.7815353870391846;0.010820999999999997;-0.0015994065819691025;-0.0031883379751838914;-0.024857243076448654
260;2.792227268218994;0.008820999999999996;0.0014211913065466722;-0.007163821734764805;-0.02336225040931339
261;2.8029212951660156;0.010820999999999997;-0.0015994065819691025;-0.007163821734764805;-0.024857243076448654
262;2.8136212825775146;0.009820999999999996;-0.0015994065819691025;-0.0031883379751838914;-0.02336225040931339
263;2.824312448501587;0.010820999999999997;-8.910763771121516e-05;-0.0031883379751838914;-0.024857243076448654
264;2.83501935005188;0.009820999999999996;-0.0015994065819691025;-0.0031883379751838914;-0.024857243076448654
265;2.845712184906006;0.008820999999999996;-0.0015994065819691025;-0.0031883379751838914;-0.02635223574358303
266;2.8564059734344482;0.010820999999999997;-8.910763771121516e-05;-0.0031883379751838914;-0.027847228410717406
267;2.8671016693115234;0.009820999999999996;0.0014211913065466722;-0.0031883379751838914;-0.02635223574358303
268;2.8777995109558105;0.010820999999999997;0.0014211913065466722;-0.0031883379751838914;-0.02336225040931339
269;2.888493537902832;0.009820999999999996;-8.910763771121516e-05;-0.0031883379751838914;-0.027847228410717406
270;2.899212598800659;0.008820999999999996;-0.0015994065819691025;-0.0031883379751838914;-0.02635223574358303
271;2.910026788711548;0.011820999999999998;0.0014211913065466722;-0.0031883379751838914;-0.02336225040931339
272;2.9207258224487305;0.010820999999999997;-0.0015994065819691025;-0.0031883379751838914;-0.02635223574358303
273;2.931419849395752;0.009820999999999996;-8.910763771121516e-05;-0.0031883379751838914;-0.02635223574358303
274;2.942122220993042;0.009820999999999996;-0.00310970552622699;-0.0031883379751838914;-0.02635223574358303
275;2.9528229236602783;0.009820999999999996;-0.0015994065819691025;-0.0031883379751838914;-0.02336225040931339
276;2.963514804840088;0.010820999999999997;-8.910763771121516e-05;-0.0031883379751838914;-0.024857243076448654
277;2.9742047786712646;0.008820999999999996;0.0014211913065466722;-0.0031883379751838914;-0.024857243076448654
278;2.984903335571289;0.009820999999999996;-0.0015994065819691025;-0.0031883379751838914;-0.02336225040931339
279;2.995598554611206;0.010820999999999997;-8.910763771121516e-05;-0.0031883379751838914;-0.02336225040931339
280;3.0063374042510986;0.009820999999999996;-8.910763771121516e-05;-0.0031883379751838914;-0.02635223574358303
281;3.017036199569702;0.009820999999999996;0.0014211913065466722;0.0007871457843970225;-0.02635223574358303
282;3.0277316570281982;0.009820999999999996;-8.910763771121516e-05;-0.0031883379751838914;-0.024857243076448654
283;3.038428544998169;0.009820999999999996;-0.0015994065819691025;0.0007871457843970225;-0.024857243076448654
284;3.049124240875244;0.009820999999999996;-0.00310970552622699;-0.0031883379751838914;-0.02635223574358303
285;3.0598812103271484;0.010820999999999997;-8.910763771121516e-05;-0.0031883379751838914;-0.024857243076448654
286;3.0706286430358887;0.010820999999999997;-0.0015994065819691025;-0.007163821734764805;-0.027847228410717406
287;3.0813279151916504;0.009820999999999996;-8.910763771121516e-05;0.0007871457843970225;-0.02635223574358303
288;3.0920283794403076;0.009820999999999996;-8.910763771121516e-05;-0.007163821734764805;-0.02635223574358303
289;3.1027235984802246;0.009820999999999996;-8.910763771121516e-05;-0.0031883379751838914;-0.02635223574358303
290;3.1134681701660156;0.007820999999999995;-0.0015994065819691025;-0.007163821734764805;-0.027847228410717406
291;3.124157667160034;0.011820999999999998;0.0014211913065466722;0.0007871457843970225;-0.024857243076448654
292;3.134878635406494;0.009820999999999996;-8.910763771121516e-05;-0.0031883379751838914;-0.02635223574358303
293;3.1456010341644287;0.009820999999999996;-8.910763771121516e-05;-0.0031883379751838914;-0.024857243076448654
294;3.1562960147857666;0.009820999999999996;-0.0015994065819691025;-0.0031883379751838914;-0.024857243076448654
295;3.166990041732788;0.009820999999999996;-0.0015994065819691025;-0.007163821734764805;-0.024857243076448654
296;3.1790387630462646;0.009820999999999996;-8.910763771121516e-05;-0.0031883379751838914;-0.02635223574358303
297;3.1897566318511963;0.011820999999999998;-8.910763771121516e-05;0.0007871457843970225;-0.021867257742179014
298;3.2004554271698;0.009820999999999996;-0.0015994065819691025;-0.007163821734764805;-0.02336225040931339
299;3.211189031600952;0.011820999999999998;-0.0015994065819691025;-0.0031883379751838914;-0.024857243076448654
300;3.221879482269287;0.009820999999999996;-8.910763771121516e-05;-0.0031883379751838914;-0.024857243076448654
301;3.232628107070923;0.009820999999999996;-8.910763771121516e-05;-0.0031883379751838914;-0.02635223574358303
302;3.243367910385132;0.008820999999999996;-8.910763771121516e-05;0.0007871457843970225;-0.02336225040931339
303;3.2540624141693115;0.010820999999999997;0.0014211913065466722;-0.007163821734764805;-0.024857243076448654
304;3.264758825302124;0.010820999999999997;-0.0015994065819691025;0.0007871457843970225;-0.024857243076448654
305;3.2754485607147217;0.009820999999999996;-0.0015994065819691025;0.0007871457843970225;-0.024857243076448654
306;3.2861311435699463;0.009820999999999996;-0.0015994065819691025;-0.0031883379751838914;-0.02336225040931339
307;3.2968244552612305;0.010820999999999997;0.0014211913065466722;-0.0031883379751838914;-0.024857243076448654
308;3.3075554370880127;0.011820999999999998;-0.0015994065819691025;-0.0031883379751838914;-0.024857243076448654
309;3.3182408809661865;0.009820999999999996;-8.910763771121516e-05;-0.007163821734764805;-0.024857243076448654
310;3.3289551734924316;0.009820999999999996;0.0014211913065466722;-0.0031883379751838914;-0.027847228410717406
311;3.3396456241607666;0.009820999999999996;-0.0015994065819691025;-0.0031883379751838914;-0.02635223574358303
312;3.350339412689209;0.009820999999999996;-0.0015994065819691025;-0.0031883379751838914;-0.02635223574358303
313;3.361025810241699;0.010820999999999997;-0.0015994065819691025;-0.0031883379751838914;-0.02635223574358303
314;3.371708869934082;0.009820999999999996;-8.910763771121516e-05;-0.0031883379751838914;-0.027847228410717406
315;3.382391929626465;0.009820999999999996;-0.00310970552622699;-0.0031883379751838914;-0.024857243076448654
316;3.3930859565734863;0.010820999999999997;-0.0015994065819691025;-0.007163821734764805;-0.027847228410717406
317;3.4037773609161377;0.009820999999999996;-0.0015994065819691025;-0.0031883379751838914;-0.024857243076448654
318;3.414513111114502;0.010820999999999997;-8.910763771121516e-05;-0.007163821734764805;-0.02336225040931339
319;3.425318479537964;0.008820999999999996;-0.0015994065819691025;-0.0031883379751838914;-0.024857243076448654
320;3.436009407043457;0.010820999999999997;-0.00310970552622699;-0.0031883379751838914;-0.02336225040931339
321;3.4467039108276367;0.009820999999999996;0.0014211913065466722;-0.0031883379751838914;-0.021867257742179014
322;3.4574015140533447;0.010820999999999997;-0.0015994065819691025;-0.0031883379751838914;-0.02336225040931339
323;3.4680891036987305;0.010820999999999997;-8.910763771121516e-05;-0.0031883379751838914;-0.02336225040931339
324;3.4787826538085938;0.010820999999999997;-0.0015994065819691025;-0.0031883379751838914;-0.021867257742179014
325;3.4894826412200928;0.009820999999999996;-0.0015994065819691025;-0.007163821734764805;-0.024857243076448654
326;3.5001745223999023;0.010820999999999997;-8.910763771121516e-05;-0.0031883379751838914;-0.02336225040931339
327;3.510906934738159;0.009820999999999996;-8.910763771121516e-05;-0.007163821734764805;-0.02336225040931339
328;3.521589517593384;0.010820999999999997;-0.0015994065819691025;-0.0031883379751838914;-0.02635223574358303
329;3.532278299331665;0.010820999999999997;-0.0015994065819691025;-0.0031883379751838914;-0.02635223574358303
330;3.5429632663726807;0.009820999999999996;-8.910763771121516e-05;-0.0031883379751838914;-0.024857243076448654
331;3.553663730621338;0.008820999999999996;-0.0015994065819691025;0.0007871457843970225;-0.024857243076448654
332;3.5643632411956787;0.010820999999999997;-8.910763771121516e-05;-0.0031883379751838914;-0.02635223574358303
333;3.5750534534454346;0.009820999999999996;-0.0015994065819691025;0.0007871457843970225;-0.02635223574358303
334;3.5857443809509277;0.010820999999999997;-8.910763771121516e-05;-0.0031883379751838914;-0.02635223574358303
335;3.5964322090148926;0.010820999999999997;-0.0015994065819691025;-0.0031883379751838914;-0.02635223574358303
336;3.6071298122406006;0.010820999999999997;-0.0015994065819691025;-0.007163821734764805;-0.024857243076448654
337;3.6179232597351074;0.009820999999999996;-8.910763771121516e-05;-0.007163821734764805;-0.024857243076448654
338;3.6286191940307617;0.009820999999999996;0.0029314902508045595;-0.007163821734764805;-0.02635223574358303
339;3.6393117904663086;0.009820999999999996;-8.910763771121516e-05;-0.0031883379751838914;-0.02336225040931339
340;3.650008201599121;0.009820999999999996;-0.0015994065819691025;-0.0031883379751838914;-0.024857243076448654
341;3.6607167720794678;0.010820999999999997;-8.910763771121516e-05;-0.0031883379751838914;-0.02336225040931339
342;3.6714067459106445;0.010820999999999997;-8.910763771121516e-05;-0.0031883379751838914;-0.02336225040931339
343;3.6820943355560303;0.009820999999999996;-8.910763771121516e-05;-0.0031883379751838914;-0.024857243076448654
344;3.6927895545959473;0.009820999999999996;-8.910763771121516e-05;-0.0031883379751838914;-0.024857243076448654
345;3.703481912612915;0.008820999999999996;-8.910763771121516e-05;-0.0031883379751838914;-0.024857243076448654
346;3.7142128944396973;0.010820999999999997;-8.910763771121516e-05;-0.0031883379751838914;-0.02336225040931339
347;3.724900722503662;0.010820999999999997;-8.910763771121516e-05;-0.0031883379751838914;-0.02336225040931339
348;3.7355849742889404;0.010820999999999997;-0.0015994065819691025;-0.0031883379751838914;-0.02336225040931339
349;3.746279239654541;0.009820999999999996;-0.0015994065819691025;-0.0031883379751838914;-0.024857243076448654
350;3.756978750228882;0.009820999999999996;-0.00310970552622699;-0.0031883379751838914;-0.02336225040931339
351;3.7676734924316406;0.010820999999999997;-8.910763771121516e-05;-0.0031883379751838914;-0.024857243076448654
352;3.778365135192871;0.010820999999999997;-0.0015994065819691025;-0.0031883379751838914;-0.024857243076448654
353;3.7890465259552;0.010820999999999997;-8.910763771121516e-05;-0.0031883379751838914;-0.02635223574358303
354;3.799738883972168;0.009820999999999996;-0.0015994065819691025;-0.007163821734764805;-0.02635223574358303
355;3.810445547103882;0.009820999999999996;-8.910763771121516e-05;-0.0031883379751838914;-0.024857243076448654
356;3.821148157119751;0.009820999999999996;-8.910763771121516e-05;0.0007871457843970225;-0.027847228410717406
357;3.831838369369507;0.010820999999999997;-8.910763771121516e-05;-0.0031883379751838914;-0.024857243076448654
358;3.842592239379883;0.009820999999999996;0.0014211913065466722;-0.0031883379751838914;-0.027847228410717406
359;3.8533337116241455;0.010820999999999997;-8.910763771121516e-05;-0.0031883379751838914;-0.024857243076448654
360;3.8640213012695312;0.008820999999999996;0.0014211913065466722;-0.0031883379751838914;-0.02635223574358303
361;3.8747847080230713;0.010820999999999997;-8.910763771121516e-05;-0.0031883379751838914;-0.02635223574358303
362;3.8854713439941406;0.008820999999999996;0.0014211913065466722;-0.0031883379751838914;-0.024857243076448654
363;3.8961663246154785;0.009820999999999996;-8.910763771121516e-05;-0.007163821734764805;-0.024857243076448654
364;3.9068548679351807;0.010820999999999997;-8.910763771121516e-05;-0.0031883379751838914;-0.02336225040931339
365;3.9175941944122314;0.010820999999999997;-8.910763771121516e-05;-0.0031883379751838914;-0.02336225040931339
366;3.928287982940674;0.009820999999999996;-8.910763771121516e-05;-0.007163821734764805;-0.02336225040931339
367;3.9389729499816895;0.010820999999999997;-0.0015994065819691025;-0.0031883379751838914;-0.02336225040931339
368;3.9496684074401855;0.010820999999999997;-8.910763771121516e-05;-0.0031883379751838914;-0.024857243076448654
369;3.9603562355041504;0.010820999999999997;-8.910763771121516e-05;-0.0031883379751838914;-0.02336225040931339
370;3.971052408218384;0.010820999999999997;-0.00310970552622699;-0.0031883379751838914;-0.02336225040931339
371;3.981741428375244;0.009820999999999996;-8.910763771121516e-05;-0.0031883379751838914;-0.021867257742179014
372;3.992427349090576;0.010820999999999997;-8.910763771121516e-05;0.0007871457843970225;-0.02635223574358303
373;4.003120183944702;0.009820999999999996;-0.0015994065819691025;-0.007163821734764805;-0.02635223574358303
374;4.013845443725586;0.011820999999999998;-0.0015994065819691025;-0.0031883379751838914;-0.024857243076448654
375;4.024537563323975;0.010820999999999997;-0.0015994065819691025;-0.007163821734764805;-0.02635223574358303
376;4.035332202911377;0.009820999999999996;-8.910763771121516e-05;0.0007871457843970225;-0.024857243076448654
377;4.0460240840911865;0.009820999999999996;-8.910763771121516e-05;-0.0031883379751838914;-0.02635223574358303
378;4.056762933731079;0.009820999999999996;-8.910763771121516e-05;-0.0031883379751838914;-0.024857243076448654
379;4.06745457649231;0.008820999999999996;-8.910763771121516e-05;0.0007871457843970225;-0.024857243076448654
380;4.07815146446228;0.010820999999999997;-0.0015994065819691025;-0.0031883379751838914;-0.02635223574358303
381;4.088843584060669;0.009820999999999996;-8.910763771121516e-05;-0.0031883379751838914;-0.02635223574358303
382;4.099530458450317;0.009820999999999996;-8.910763771121516e-05;-0.0031883379751838914;-0.024857243076448654
383;4.110224962234497;0.009820999999999996;-0.0015994065819691025;-0.0031883379751838914;-0.02635223574358303
384;4.120914936065674;0.010820999999999997;0.0014211913065466722;0.0007871457843970225;-0.024857243076448654
385;4.131607532501221;0.010820999999999997;-8.910763771121516e-05;-0.0031883379751838914;-0.02635223574358303
386;4.142290115356445;0.009820999999999996;-0.0015994065819691025;-0.0031883379751838914;-0.02635223574358303
387;4.152972936630249;0.009820999999999996;-0.0015994065819691025;-0.0031883379751838914;-0.021867257742179014
388;4.163690805435181;0.009820999999999996;-0.0015994065819691025;-0.0031883379751838914;-0.024857243076448654
389;4.174374103546143;0.010820999999999997;-0.0015994065819691025;-0.0031883379751838914;-0.021867257742179014
390;4.185077428817749;0.010820999999999997;-0.0015994065819691025;-0.007163821734764805;-0.024857243076448654
391;4.195762872695923;0.010820999999999997;-8.910763771121516e-05;-0.007163821734764805;-0.024857243076448654
392;4.206453323364258;0.009820999999999996;-0.0015994065819691025;-0.0031883379751838914;-0.024857243076448654
393;4.218439340591431;0.010820999999999997;-0.0015994065819691025;-0.0031883379751838914;-0.024857243076448654
394;4.229127645492554;0.008820999999999996;-8.910763771121516e-05;-0.0031883379751838914;-0.02336225040931339
395;4.239876747131348;0.010820999999999997;-8.910763771121516e-05;0.0007871457843970225;-0.024857243076448654
396;4.2506208419799805;0.009820999999999996;-8.910763771121516e-05;-0.0031883379751838914;-0.024857243076448654
397;4.26129674911499;0.009820999999999996;-0.0015994065819691025;-0.0031883379751838914;-0.024857243076448654
398;4.271981477737427;0.010820999999999997;-8.910763771121516e-05;-0.0031883379751838914;-0.024857243076448654
399;4.2826831340789795;0.009820999999999996;-8.910763771121516e-05;0.0007871457843970225;-0.02336225040931339
400;4.293435335159302;0.010820999999999997;-8.910763771121516e-05;-0.0031883379751838914;-0.024857243076448654
401;4.304128408432007;0.011820999999999998;-8.910763771121516e-05;0.0007871457843970225;-0.02635223574358303
402;4.314819812774658;0.009820999999999996;-0.0015994065819691025;-0.0031883379751838914;-0.024857243076448654
403;4.3255157470703125;0.009820999999999996;-8.910763771121516e-05;-0.0031883379751838914;-0.024857243076448654
404;4.336212873458862;0.010820999999999997;-8.910763771121516e-05;-0.0031883379751838914;-0.02635223574358303
405;4.346899509429932;0.010820999999999997;-8.910763771121516e-05;-0.0031883379751838914;-0.02336225040931339
406;4.35761833190918;0.009820999999999996;-0.0015994065819691025;-0.0031883379751838914;-0.024857243076448654
407;4.368323564529419;0.009820999999999996;-0.0015994065819691025;-0.007163821734764805;-0.024857243076448654
408;4.379020929336548;0.009820999999999996;-8.910763771121516e-05;-0.007163821734764805;-0.024857243076448654
409;4.389716863632202;0.010820999999999997;-8.910763771121516e-05;-0.007163821734764805;-0.024857243076448654
410;4.400405645370483;0.008820999999999996;-8.910763771121516e-05;-0.0031883379751838914;-0.02336225040931339
411;4.4111106395721436;0.009820999999999996;-0.0015994065819691025;0.0007871457843970225;-0.024857243076448654
412;4.421844244003296;0.009820999999999996;-8.910763771121516e-05;-0.007163821734764805;-0.02336225040931339
413;4.432590961456299;0.009820999999999996;-8.910763771121516e-05;0.0007871457843970225;-0.02336225040931339
414;4.4433300495147705;0.009820999999999996;-8.910763771121516e-05;0.0007871457843970225;-0.024857243076448654
415;4.454024314880371;0.009820999999999996;0.0014211913065466722;-0.0031883379751838914;-0.024857243076448654
416;4.464780807495117;0.007820999999999995;-0.0015994065819691025;-0.0031883379751838914;-0.02336225040931339
417;4.475481986999512;0.008820999999999996;-0.0015994065819691025;-0.0031883379751838914;-0.024857243076448654
418;4.486175060272217;0.010820999999999997;-0.0015994065819691025;0.0007871457843970225;-0.024857243076448654
419;4.49686861038208;0.009820999999999996;-0.0015994065819691025;-0.0031883379751838914;-0.021867257742179014
420;4.507569789886475;0.009820999999999996;-8.910763771121516e-05;-0.0031883379751838914;-0.02635223574358303
421;4.518308401107788;0.010820999999999997;-8.910763771121516e-05;-0.0031883379751838914;-0.024857243076448654
422;4.5290045738220215;0.009820999999999996;-8.910763771121516e-05;-0.0031883379751838914;-0.02635223574358303
423;4.5396997928619385;0.010820999999999997;-0.0015994065819691025;0.0007871457843970225;-0.024857243076448654
424;4.55040168762207;0.009820999999999996;0.0014211913065466722;0.0007871457843970225;-0.02635223574358303
425;4.561100006103516;0.010820999999999997;-8.910763771121516e-05;-0.007163821734764805;-0.024857243076448654
426;4.571790933609009;0.009820999999999996;-0.0015994065819691025;-0.0031883379751838914;-0.024857243076448654
427;4.582549810409546;0.009820999999999996;-8.910763771121516e-05;-0.0031883379751838914;-0.024857243076448654
428;4.593295335769653;0.008820999999999996;-0.0015994065819691025;-0.0031883379751838914;-0.02336225040931339
429;4.6039955615997314;0.010820999999999997;-8.910763771121516e-05;-0.0031883379751838914;-0.024857243076448654
430;4.61469292640686;0.010820999999999997;-8.910763771121516e-05;-0.0031883379751838914;-0.02336225040931339
431;4.625439405441284;0.010820999999999997;-8.910763771121516e-05;-0.0031883379751838914;-0.024857243076448654
432;4.636132717132568;0.010820999999999997;-8.910763771121516e-05;-0.007163821734764805;-0.02336225040931339
433;4.6468281745910645;0.009820999999999996;-0.00310970552622699;0.0007871457843970225;-0.02336225040931339
434;4.657543897628784;0.009820999999999996;-8.910763771121516e-05;-0.007163821734764805;-0.02336225040931339
435;4.668243646621704;0.010820999999999997;-8.910763771121516e-05;-0.0031883379751838914;-0.02336225040931339
436;4.678951740264893;0.009820999999999996;-0.0015994065819691025;-0.011139305494345733;-0.024857243076448654
437;4.689645767211914;0.010820999999999997;-8.910763771121516e-05;0.0007871457843970225;-0.02336225040931339
438;4.700345754623413;0.009820999999999996;-8.910763771121516e-05;-0.007163821734764805;-0.024857243076448654
439;4.711042165756226;0.010820999999999997;0.0014211913065466722;-0.0031883379751838914;-0.02336225040931339
440;4.721779108047485;0.010820999999999997;-0.0015994065819691025;-0.0031883379751838914;-0.024857243076448654
441;4.732483148574829;0.010820999999999997;-0.0015994065819691025;-0.0031883379751838914;-0.02336225040931339
442;4.743222951889038;0.009820999999999996;-0.0015994065819691025;-0.007163821734764805;-0.02635223574358303
443;4.753913640975952;0.010820999999999997;-0.0015994065819691025;-0.007163821734764805;-0.024857243076448654
444;4.764667987823486;0.010820999999999997;-0.0015994065819691025;-0.0031883379751838914;-0.02635223574358303
445;4.775416612625122;0.009820999999999996;-8.910763771121516e-05;-0.0031883379751838914;-0.02635223574358303
446;4.786112308502197;0.010820999999999997;-0.0015994065819691025;-0.0031883379751838914;-0.024857243076448654
447;4.7968220710754395;0.009820999999999996;-8.910763771121516e-05;-0.0031883379751838914;-0.024857243076448654
448;4.807528972625732;0.009820999999999996;-0.0015994065819691025;-0.0031883379751838914;-0.02635223574358303
449;4.818221807479858;0.010820999999999997;-0.0015994065819691025;-0.0031883379751838914;-0.02635223574358303
450;4.828925371170044;0.010820999999999997;-8.910763771121516e-05;-0.0031883379751838914;-0.024857243076448654
451;4.839617967605591;0.008820999999999996;-8.910763771121516e-05;-0.0031883379751838914;-0.024857243076448654
452;4.8503100872039795;0.010820999999999997;-0.0015994065819691025;-0.0031883379751838914;-0.024857243076448654
453;4.861011028289795;0.009820999999999996;-0.004620004470484877;-0.0031883379751838914;-0.024857243076448654
454;4.871701717376709;0.009820999999999996;-8.910763771121516e-05;-0.0031883379751838914;-0.02635223574358303
455;4.882401943206787;0.010820999999999997;-8.910763771121516e-05;-0.0031883379751838914;-0.02336225040931339
456;4.893089771270752;0.009820999999999996;-8.910763771121516e-05;-0.0031883379751838914;-0.024857243076448654
457;4.9037926197052;0.008820999999999996;-8.910763771121516e-05;-0.0031883379751838914;-0.02336225040931339
458;4.914501190185547;0.008820999999999996;-0.0015994065819691025;-0.007163821734764805;-0.02336225040931339
459;4.92535924911499;0.009820999999999996;-8.910763771121516e-05;0.0007871457843970225;-0.02336225040931339
460;4.9360597133636475;0.010820999999999997;-0.0015994065819691025;-0.0031883379751838914;-0.024857243076448654
461;4.946755647659302;0.009820999999999996;-8.910763771121516e-05;-0.0031883379751838914;-0.024857243076448654
462;4.957456827163696;0.008820999999999996;0.0014211913065466722;-0.0031883379751838914;-0.02336225040931339
463;4.9681901931762695;0.009820999999999996;-8.910763771121516e-05;-0.0031883379751838914;-0.02635223574358303
464;4.978884220123291;0.008820999999999996;-0.0015994065819691025;-0.0031883379751838914;-0.02635223574358303
465;4.989583492279053;0.009820999999999996;-0.0015994065819691025;-0.0031883379751838914;-0.024857243076448654
466;5.000281572341919;0.009820999999999996;-0.0015994065819691025;-0.0031883379751838914;-0.027847228410717406
467;5.0109734535217285;0.010820999999999997;-0.0015994065819691025;-0.0031883379751838914;-0.024857243076448654
468;5.021711349487305;0.010820999999999997;-8.910763771121516e-05;-0.0031883379751838914;-0.024857243076448654
469;5.0324084758758545;0.010820999999999997;0.0014211913065466722;-0.0031883379751838914;-0.024857243076448654
470;5.043096542358398;0.010820999999999997;-8.910763771121516e-05;0.0007871457843970225;-0.02635223574358303
471;5.053789854049683;0.009820999999999996;-0.0015994065819691025;-0.007163821734764805;-0.02635223574358303
472;5.064441204071045;0.009820999999999996;0.0014211913065466722;-0.0031883379751838914;-0.02635223574358303
473;5.0751683712005615;0.009820999999999996;-8.910763771121516e-05;-0.007163821734764805;-0.02635223574358303
474;5.085860729217529;0.009820999999999996;0.0014211913065466722;0.0007871457843970225;-0.024857243076448654
475;5.096553802490234;0.009820999999999996;-0.0015994065819691025;-0.007163821734764805;-0.02336225040931339
476;5.107316017150879;0.009820999999999996;-8.910763771121516e-05;-0.007163821734764805;-0.02635223574358303
477;5.118060350418091;0.009820999999999996;-0.0015994065819691025;-0.007163821734764805;-0.021867257742179014
478;5.128808975219727;0.009820999999999996;-0.0015994065819691025;-0.0031883379751838914;-0.024857243076448654
479;5.139508247375488;0.009820999999999996;0.0014211913065466722;0.0007871457843970225;-0.024857243076448654
480;5.1502015590667725;0.010820999999999997;-8.910763771121516e-05;-0.0031883379751838914;-0.02336225040931339
481;5.160903692245483;0.010820999999999997;-8.910763771121516e-05;-0.0031883379751838914;-0.021867257742179014
482;5.171598196029663;0.009820999999999996;0.0014211913065466722;-0.0031883379751838914;-0.02336225040931339
483;5.182294607162476;0.010820999999999997;-0.0015994065819691025;-0.007163821734764805;-0.02336225040931339
484;5.192992210388184;0.009820999999999996;-8.910763771121516e-05;-0.0031883379751838914;-0.024857243076448654
485;5.203692674636841;0.008820999999999996;-0.0015994065819691025;-0.0031883379751838914;-0.02336225040931339
486;5.214385747909546;0.010820999999999997;0.0014211913065466722;0.0007871457843970225;-0.02635223574358303
487;5.225123643875122;0.010820999999999997;-8.910763771121516e-05;-0.0031883379751838914;-0.024857243076448654
488;5.235827445983887;0.009820999999999996;-0.0015994065819691025;0.0007871457843970225;-0.024857243076448654
489;5.247813701629639;0.010820999999999997;-0.00310970552622699;-0.0031883379751838914;-0.02635223574358303
490;5.258525848388672;0.010820999999999997;-8.910763771121516e-05;-0.0031883379751838914;-0.02336225040931339
491;5.269219875335693;0.009820999999999996;0.0014211913065466722;0.0007871457843970225;-0.024857243076448654
492;5.279980659484863;0.010820999999999997;-0.0015994065819691025;-0.007163821734764805;-0.024857243076448654
493;5.290722131729126;0.010820999999999997;0.0014211913065466722;-0.0031883379751838914;-0.024857243076448654
494;5.3014185428619385;0.009820999999999996;-0.0015994065819691025;-0.0031883379751838914;-0.024857243076448654
495;5.312116622924805;0.010820999999999997;-8.910763771121516e-05;-0.0031883379751838914;-0.024857243076448654
496;5.322850227355957;0.009820999999999996;-8.910763771121516e-05;-0.0031883379751838914;-0.027847228410717406
497;5.3335490226745605;0.008820999999999996;-0.0015994065819691025;0.0007871457843970225;-0.024857243076448654
498;5.344247817993164;0.010820999999999997;0.0014211913065466722;-0.007163821734764805;-0.024857243076448654
499;5.3549416065216064;0.009820999999999996;-8.910763771121516e-05;0.0007871457843970225;-0.024857243076448654
500;5.365640878677368;0.010820999999999997;-8.910763771121516e-05;0.0007871457843970225;-0.02336225040931339
501;5.376333236694336;0.010820999999999997;-0.0015994065819691025;0.0007871457843970225;-0.02336225040931339
502;5.387024402618408;0.009820999999999996;-8.910763771121516e-05;-0.0031883379751838914;-0.021867257742179014
503;5.397723197937012;0.009820999999999996;-8.910763771121516e-05;-0.0031883379751838914;-0.02336225040931339
504;5.408421516418457;0.009820999999999996;-0.0015994065819691025;-0.0031883379751838914;-0.024857243076448654
505;5.419113397598267;0.010820999999999997;0.0014211913065466722;-0.0031883379751838914;-0.024857243076448654
506;5.429916143417358;0.010820999999999997;-8.910763771121516e-05;-0.0031883379751838914;-0.024857243076448654
507;5.440675258636475;0.010820999999999997;0.0014211913065466722;-0.007163821734764805;-0.024857243076448654
508;5.451382637023926;0.011820999999999998;0.0014211913065466722;-0.0031883379751838914;-0.024857243076448654
509;5.462088584899902;0.010820999999999997;-0.0015994065819691025;0.0007871457843970225;-0.024857243076448654
510;5.472787141799927;0.009820999999999996;-8.910763771121516e-05;-0.0031883379751838914;-0.024857243076448654
511;5.483489513397217;0.010820999999999997;0.0014211913065466722;-0.007163821734764805;-0.02635223574358303
512;5.494189739227295;0.009820999999999996;-8.910763771121516e-05;-0.0031883379751838914;-0.024857243076448654
513;5.504895210266113;0.009820999999999996;-0.0015994065819691025;-0.0031883379751838914;-0.024857243076448654
514;5.515597343444824;0.010820999999999997;-8.910763771121516e-05;-0.0031883379751838914;-0.02635223574358303
515;5.526338577270508;0.010820999999999997;-8.910763771121516e-05;-0.0031883379751838914;-0.024857243076448654
516;5.537030935287476;0.008820999999999996;-0.0015994065819691025;-0.0031883379751838914;-0.024857243076448654
517;5.547729730606079;0.010820999999999997;-8.910763771121516e-05;-0.0031883379751838914;-0.02336225040931339
518;5.558424949645996;0.009820999999999996;-0.0015994065819691025;-0.0031883379751838914;-0.02336225040931339
519;5.569119691848755;0.009820999999999996;-0.00310970552622699;0.0007871457843970225;-0.02635223574358303
520;5.579867839813232;0.009820999999999996;-8.910763771121516e-05;-0.0031883379751838914;-0.02336225040931339
521;5.590619087219238;0.009820999999999996;-0.0015994065819691025;-0.0031883379751838914;-0.02336225040931339
522;5.601319074630737;0.009820999999999996;-8.910763771121516e-05;-0.007163821734764805;-0.02336225040931339
523;5.612016677856445;0.010820999999999997;-8.910763771121516e-05;-0.0031883379751838914;-0.02336225040931339
524;5.622717380523682;0.008820999999999996;-8.910763771121516e-05;-0.0031883379751838914;-0.024857243076448654
525;5.633458614349365;0.009820999999999996;-8.910763771121516e-05;0.0007871457843970225;-0.024857243076448654
526;5.644158363342285;0.010820999999999997;-8.910763771121516e-05;-0.0031883379751838914;-0.024857243076448654
527;5.654896259307861;0.009820999999999996;-8.910763771121516e-05;-0.007163821734764805;-0.024857243076448654
528;5.665595769882202;0.010820999999999997;-0.0015994065819691025;0.0007871457843970225;-0.02336225040931339
529;5.676296234130859;0.009820999999999996;-0.0015994065819691025;-0.0031883379751838914;-0.024857243076448654
530;5.68699312210083;0.010820999999999997;-8.910763771121516e-05;0.0007871457843970225;-0.024857243076448654
531;5.697686672210693;0.010820999999999997;-0.0015994065819691025;0.0007871457843970225;-0.02635223574358303
532;5.708394289016724;0.010820999999999997;-0.0015994065819691025;-0.007163821734764805;-0.024857243076448654
533;5.719093322753906;0.009820999999999996;-0.0015994065819691025;-0.0031883379751838914;-0.02635223574358303
534;5.729833364486694;0.009820999999999996;-8.910763771121516e-05;-0.0031883379751838914;-0.02635223574358303
535;5.740591049194336;0.011820999999999998;-0.0015994065819691025;-0.0031883379751838914;-0.02635223574358303
536;5.751296043395996;0.010820999999999997;-0.00310970552622699;-0.007163821734764805;-0.02635223574358303
537;5.76199197769165;0.011820999999999998;-8.910763771121516e-05;-0.007163821734764805;-0.024857243076448654
538;5.772706747055054;0.010820999999999997;-0.00310970552622699;-0.007163821734764805;-0.024857243076448654
539;5.783346652984619;0.008820999999999996;-8.910763771121516e-05;-0.0031883379751838914;-0.024857243076448654
540;5.7941811084747314;0.008820999999999996;-0.0015994065819691025;-0.007163821734764805;-0.024857243076448654
541;5.804887771606445;0.009820999999999996;-8.910763771121516e-05;-0.0031883379751838914;-0.02336225040931339
542;5.815589666366577;0.011820999999999998;-8.910763771121516e-05;-0.0031883379751838914;-0.024857243076448654
543;5.82629132270813;0.010820999999999997;-8.910763771121516e-05;-0.0031883379751838914;-0.024857243076448654
544;5.83698582649231;0.009820999999999996;-0.0015994065819691025;-0.0031883379751838914;-0.021867257742179014
545;5.847679138183594;0.011820999999999998;-8.910763771121516e-05;-0.007163821734764805;-0.02336225040931339
546;5.858376502990723;0.009820999999999996;-0.0015994065819691025;0.0007871457843970225;-0.02336225040931339
547;5.869075536727905;0.010820999999999997;-8.910763771121516e-05;-0.0031883379751838914;-0.021867257742179014
548;5.8797688484191895;0.009820999999999996;-8.910763771121516e-05;-0.0031883379751838914;-0.02336225040931339
549;5.890455961227417;0.010820999999999997;-0.0015994065819691025;-0.0031883379751838914;-0.02336225040931339
550;5.901146650314331;0.009820999999999996;0.0014211913065466722;-0.0031883379751838914;-0.024857243076448654
551;5.91184139251709;0.012820999999999999;0.0014211913065466722;-0.007163821734764805;-0.02635223574358303
552;5.922589063644409;0.010820999999999997;-8.910763771121516e-05;-0.0031883379751838914;-0.024857243076448654
553;5.933367013931274;0.009820999999999996;-8.910763771121516e-05;-0.0031883379751838914;-0.02336225040931339
554;5.944058179855347;0.009820999999999996;-0.0015994065819691025;-0.0031883379751838914;-0.02635223574358303
555;5.954772710800171;0.010820999999999997;-8.910763771121516e-05;0.0007871457843970225;-0.02635223574358303
556;5.965466499328613;0.010820999999999997;-8.910763771121516e-05;0.0007871457843970225;-0.024857243076448654
557;5.976161003112793;0.009820999999999996;-8.910763771121516e-05;-0.0031883379751838914;-0.02635223574358303
558;5.986849784851074;0.009820999999999996;-0.0015994065819691025;-0.0031883379751838914;-0.024857243076448654
559;5.997544527053833;0.010820999999999997;-0.0015994065819691025;0.0007871457843970225;-0.024857243076448654
560;6.008234262466431;0.009820999999999996;0.0014211913065466722;-0.007163821734764805;-0.024857243076448654
561;6.018929719924927;0.010820999999999997;-0.0015994065819691025;-0.0031883379751838914;-0.024857243076448654
562;6.029670715332031;0.009820999999999996;-8.910763771121516e-05;0.0007871457843970225;-0.024857243076448654
563;6.040363311767578;0.008820999999999996;-0.0015994065819691025;-0.007163821734764805;-0.02336225040931339
564;6.051061391830444;0.010820999999999997;-8.910763771121516e-05;-0.0031883379751838914;-0.02336225040931339
565;6.061756134033203;0.010820999999999997;-0.0015994065819691025;-0.0031883379751838914;-0.02336225040931339
566;6.072454214096069;0.010820999999999997;-8.910763771121516e-05;-0.0031883379751838914;-0.021867257742179014
567;6.083142995834351;0.009820999999999996;-8.910763771121516e-05;-0.0031883379751838914;-0.021867257742179014
568;6.093831539154053;0.010820999999999997;0.0014211913065466722;-0.0031883379751838914;-0.02336225040931339
569;6.104522705078125;0.008820999999999996;-8.910763771121516e-05;-0.0031883379751838914;-0.02336225040931339
570;6.115325689315796;0.010820999999999997;-8.910763771121516e-05;-0.0031883379751838914;-0.02336225040931339
571;6.126028060913086;0.010820999999999997;-8.910763771121516e-05;-0.0031883379751838914;-0.024857243076448654
572;6.136759042739868;0.009820999999999996;-0.0015994065819691025;-0.0031883379751838914;-0.02336225040931339
573;6.147452116012573;0.009820999999999996;-8.910763771121516e-05;-0.0031883379751838914;-0.024857243076448654
574;6.1581504344940186;0.009820999999999996;-0.0015994065819691025;-0.007163821734764805;-0.024857243076448654
575;6.168846845626831;0.010820999999999997;0.0029314902508045595;0.0007871457843970225;-0.024857243076448654
576;6.179539442062378;0.010820999999999997;-0.0015994065819691025;-0.0031883379751838914;-0.024857243076448654
577;6.190228223800659;0.009820999999999996;-0.0015994065819691025;-0.0031883379751838914;-0.027847228410717406
578;6.200920581817627;0.009820999999999996;-0.0015994065819691025;-0.007163821734764805;-0.024857243076448654
579;6.211612701416016;0.011820999999999998;-8.910763771121516e-05;-0.007163821734764805;-0.024857243076448654
580;6.222334861755371;0.010820999999999997;-8.910763771121516e-05;-0.0031883379751838914;-0.027847228410717406
581;6.233066558837891;0.010820999999999997;-8.910763771121516e-05;-0.0031883379751838914;-0.024857243076448654
582;6.2437498569488525;0.009820999999999996;-8.910763771121516e-05;-0.0031883379751838914;-0.024857243076448654
583;6.254442453384399;0.008820999999999996;-8.910763771121516e-05;-0.0031883379751838914;-0.024857243076448654
584;6.265135049819946;0.010820999999999997;-8.910763771121516e-05;-0.0031883379751838914;-0.024857243076448654
585;6.275853872299194;0.009820999999999996;-8.910763771121516e-05;-0.0031883379751838914;-0.024857243076448654
586;6.28784704208374;0.009820999999999996;-0.0015994065819691025;-0.007163821734764805;-0.02336225040931339
587;6.298537254333496;0.009820999999999996;-8.910763771121516e-05;-0.0031883379751838914;-0.024857243076448654
588;6.309224367141724;0.009820999999999996;-0.0015994065819691025;-0.0031883379751838914;-0.024857243076448654
589;6.319976568222046;0.010820999999999997;0.0014211913065466722;-0.007163821734764805;-0.024857243076448654
590;6.3307554721832275;0.007820999999999995;-8.910763771121516e-05;-0.007163821734764805;-0.024857243076448654
591;6.341445684432983;0.009820999999999996;-0.0015994065819691025;0.0007871457843970225;-0.02635223574358303
592;6.35212779045105;0.010820999999999997;-0.0015994065819691025;-0.0031883379751838914;-0.02336225040931339
593;6.362813472747803;0.009820999999999996;-8.910763771121516e-05;-0.0031883379751838914;-0.02336225040931339
594;6.373503923416138;0.009820999999999996;-8.910763771121516e-05;-0.0031883379751838914;-0.02336225040931339
595;6.38418436050415;0.009820999999999996;-8.910763771121516e-05;-0.007163821734764805;-0.02336225040931339
596;6.394875526428223;0.009820999999999996;-0.0015994065819691025;-0.0031883379751838914;-0.024857243076448654
597;6.40556526184082;0.009820999999999996;-0.0015994065819691025;-0.0031883379751838914;-0.024857243076448654
598;6.416256666183472;0.009820999999999996;-0.0015994065819691025;-0.0031883379751838914;-0.02635223574358303
599;6.42696738243103;0.010820999999999997;0.0014211913065466722;-0.0031883379751838914;-0.024857243076448654
600;6.437700271606445;0.010820999999999997;-0.0015994065819691025;-0.0031883379751838914;-0.024857243076448654
601;6.448390960693359;0.009820999999999996;-8.910763771121516e-05;-0.0031883379751838914;-0.024857243076448654
602;6.459079027175903;0.010820999999999997;-0.0015994065819691025;-0.0031883379751838914;-0.024857243076448654
603;6.46976375579834;0.010820999999999997;-8.910763771121516e-05;-0.0031883379751838914;-0.024857243076448654
604;6.480456829071045;0.009820999999999996;-8.910763771121516e-05;-0.0031883379751838914;-0.02635223574358303
605;6.491150856018066;0.010820999999999997;-8.910763771121516e-05;-0.007163821734764805;-0.02336225040931339
606;6.501844644546509;0.009820999999999996;-8.910763771121516e-05;-0.0031883379751838914;-0.024857243076448654
607;6.512594699859619;0.009820999999999996;-0.0015994065819691025;-0.007163821734764805;-0.024857243076448654
608;6.523351430892944;0.010820999999999997;-0.0015994065819691025;-0.0031883379751838914;-0.02336225040931339
609;6.534079551696777;0.009820999999999996;-0.0015994065819691025;-0.0031883379751838914;-0.02336225040931339
610;6.5447838306427;0.010820999999999997;-0.0015994065819691025;-0.0031883379751838914;-0.02336225040931339
611;6.555474042892456;0.010820999999999997;-8.910763771121516e-05;-0.0031883379751838914;-0.02336225040931339
612;6.566163778305054;0.010820999999999997;-8.910763771121516e-05;-0.007163821734764805;-0.02336225040931339
613;6.576855659484863;0.009820999999999996;-8.910763771121516e-05;-0.0031883379751838914;-0.02336225040931339
614;6.587545156478882;0.009820999999999996;-0.0015994065819691025;-0.007163821734764805;-0.024857243076448654
615;6.598236560821533;0.008820999999999996;-0.0015994065819691025;-0.0031883379751838914;-0.02336225040931339
616;6.608929872512817;0.010820999999999997;-8.910763771121516e-05;-0.0031883379751838914;-0.02336225040931339
617;6.619623184204102;0.010820999999999997;-8.910763771121516e-05;-0.0031883379751838914;-0.024857243076448654
618;6.63031530380249;0.009820999999999996;-8.910763771121516e-05;-0.0031883379751838914;-0.02635223574358303
619;6.641047477722168;0.009820999999999996;-0.0015994065819691025;-0.0031883379751838914;-0.02635223574358303
620;6.6517345905303955;0.010820999999999997;0.0014211913065466722;-0.0031883379751838914;-0.02635223574358303
621;6.662430286407471;0.010820999999999997;-0.0015994065819691025;-0.0031883379751838914;-0.024857243076448654
622;6.6731226444244385;0.011820999999999998;-8.910763771121516e-05;0.0007871457843970225;-0.02635223574358303
623;6.6838133335113525;0.009820999999999996;-8.910763771121516e-05;-0.007163821734764805;-0.02336225040931339
624;6.6945061683654785;0.010820999999999997;-0.0015994065819691025;-0.0031883379751838914;-0.02635223574358303
625;6.70530891418457;0.010820999999999997;-0.0015994065819691025;-0.0031883379751838914;-0.02635223574358303
626;6.716002464294434;0.008820999999999996;-0.0015994065819691025;-0.0031883379751838914;-0.024857243076448654
627;6.726703405380249;0.010820999999999997;-0.0015994065819691025;-0.0031883379751838914;-0.02635223574358303
628;6.737438440322876;0.010820999999999997;-0.0015994065819691025;-0.007163821734764805;-0.024857243076448654
629;6.74812388420105;0.009820999999999996;-0.0015994065819691025;-0.0031883379751838914;-0.024857243076448654
630;6.758813142776489;0.009820999999999996;-0.0015994065819691025;-0.007163821734764805;-0.024857243076448654
631;6.76951003074646;0.009820999999999996;-8.910763771121516e-05;-0.007163821734764805;-0.02336225040931339
632;6.780204772949219;0.010820999999999997;-8.910763771121516e-05;-0.007163821734764805;-0.02336225040931339
633;6.790899276733398;0.009820999999999996;0.0014211913065466722;0.0007871457843970225;-0.021867257742179014
634;6.801597356796265;0.010820999999999997;-8.910763771121516e-05;-0.0031883379751838914;-0.02336225040931339
635;6.812295198440552;0.009820999999999996;-8.910763771121516e-05;-0.0031883379751838914;-0.020372265075044638
636;6.822992324829102;0.009820999999999996;-8.910763771121516e-05;-0.007163821734764805;-0.024857243076448654
637;6.833683967590332;0.010820999999999997;-8.910763771121516e-05;-0.007163821734764805;-0.02336225040931339
638;6.844383239746094;0.010820999999999997;-0.0015994065819691025;-0.0031883379751838914;-0.02336225040931339
639;6.855075120925903;0.010820999999999997;-0.0015994065819691025;-0.0031883379751838914;-0.024857243076448654
640;6.865775108337402;0.010820999999999997;-0.00310970552622699;0.0007871457843970225;-0.02336225040931339
641;6.876469612121582;0.009820999999999996;-0.0015994065819691025;-0.0031883379751838914;-0.024857243076448654
642;6.8872222900390625;0.009820999999999996;-0.0015994065819691025;-0.0031883379751838914;-0.024857243076448654
643;6.897967576980591;0.009820999999999996;-8.910763771121516e-05;-0.0031883379751838914;-0.02635223574358303
644;6.9086644649505615;0.009820999999999996;-0.0015994065819691025;-0.0031883379751838914;-0.02336225040931339
645;6.919363260269165;0.009820999999999996;0.0014211913065466722;-0.0031883379751838914;-0.02934222107785267
646;6.930055856704712;0.009820999999999996;-8.910763771121516e-05;-0.007163821734764805;-0.027847228410717406
647;6.940799951553345;0.010820999999999997;-8.910763771121516e-05;-0.0031883379751838914;-0.024857243076448654
648;6.951488971710205;0.010820999999999997;-0.0015994065819691025;-0.007163821734764805;-0.02336225040931339
649;6.962181568145752;0.008820999999999996;-0.0015994065819691025;-0.0031883379751838914;-0.02635223574358303
650;6.972872972488403;0.010820999999999997;-0.0015994065819691025;-0.007163821734764805;-0.02635223574358303
651;6.983567953109741;0.010820999999999997;0.0014211913065466722;0.0007871457843970225;-0.024857243076448654
652;6.9942638874053955;0.010820999999999997;-0.00310970552622699;-0.0031883379751838914;-0.02635223574358303
653;7.004962682723999;0.010820999999999997;-8.910763771121516e-05;-0.0031883379751838914;-0.024857243076448654
654;7.01565957069397;0.009820999999999996;-0.0015994065819691025;-0.0031883379751838914;-0.024857243076448654
655;7.026355504989624;0.010820999999999997;-8.910763771121516e-05;-0.0031883379751838914;-0.024857243076448654
656;7.037094593048096;0.008820999999999996;0.0014211913065466722;-0.0031883379751838914;-0.024857243076448654
657;7.047801971435547;0.009820999999999996;-8.910763771121516e-05;-0.007163821734764805;-0.021867257742179014
658;7.058496713638306;0.010820999999999997;-8.910763771121516e-05;-0.007163821734764805;-0.02336225040931339
659;7.069185018539429;0.010820999999999997;-0.0015994065819691025;0.0007871457843970225;-0.024857243076448654
660;7.079986095428467;0.009820999999999996;-0.0015994065819691025;-0.0031883379751838914;-0.02336225040931339
661;7.090726613998413;0.009820999999999996;-8.910763771121516e-05;-0.0031883379751838914;-0.02336225040931339
662;7.101414442062378;0.009820999999999996;-8.910763771121516e-05;-0.007163821734764805;-0.02336225040931339
663;7.112106561660767;0.008820999999999996;-8.910763771121516e-05;-0.0031883379751838914;-0.02635223574358303
664;7.122811794281006;0.009820999999999996;-0.0015994065819691025;-0.0031883379751838914;-0.024857243076448654
665;7.133505582809448;0.009820999999999996;-0.0015994065819691025;-0.0031883379751838914;-0.02635223574358303
666;7.144237756729126;0.009820999999999996;0.0014211913065466722;-0.0031883379751838914;-0.02635223574358303
667;7.154927492141724;0.009820999999999996;-8.910763771121516e-05;0.0007871457843970225;-0.02635223574358303
668;7.165616750717163;0.009820999999999996;0.0014211913065466722;-0.0031883379751838914;-0.02635223574358303
669;7.176309585571289;0.010820999999999997;-0.0015994065819691025;-0.0031883379751838914;-0.02635223574358303
670;7.186999082565308;0.011820999999999998;-8.910763771121516e-05;-0.007163821734764805;-0.02635223574358303
671;7.197692632675171;0.009820999999999996;-0.0015994065819691025;-0.0031883379751838914;-0.027847228410717406
672;7.208387851715088;0.010820999999999997;-8.910763771121516e-05;-0.0031883379751838914;-0.024857243076448654
673;7.219079971313477;0.010820999999999997;-8.910763771121516e-05;-0.007163821734764805;-0.027847228410717406
674;7.229767799377441;0.010820999999999997;-8.910763771121516e-05;-0.0031883379751838914;-0.02635223574358303
675;7.240471363067627;0.009820999999999996;-0.0015994065819691025;-0.007163821734764805;-0.021867257742179014
676;7.251160144805908;0.010820999999999997;-8.910763771121516e-05;-0.0031883379751838914;-0.024857243076448654
677;7.261880397796631;0.009820999999999996;0.0014211913065466722;-0.0031883379751838914;-0.02336225040931339
678;7.272627830505371;0.010820999999999997;-0.0015994065819691025;-0.007163821734764805;-0.02336225040931339
679;7.283377170562744;0.010820999999999997;-8.910763771121516e-05;-0.0031883379751838914;-0.02336225040931339
680;7.294094562530518;0.009820999999999996;-8.910763771121516e-05;-0.0031883379751838914;-0.024857243076448654
681;7.304791688919067;0.010820999999999997;-8.910763771121516e-05;0.0007871457843970225;-0.024857243076448654
682;7.316845893859863;0.009820999999999996;-0.0015994065819691025;-0.0031883379751838914;-0.02635223574358303
683;7.327568531036377;0.010820999999999997;-8.910763771121516e-05;-0.0031883379751838914;-0.02635223574358303
684;7.338298320770264;0.010820999999999997;-8.910763771121516e-05;-0.0031883379751838914;-0.02635223574358303
685;7.348987102508545;0.010820999999999997;-8.910763771121516e-05;0.0007871457843970225;-0.024857243076448654
686;7.35967755317688;0.010820999999999997;-8.910763771121516e-05;-0.0031883379751838914;-0.024857243076448654
687;7.370364189147949;0.010820999999999997;-0.0015994065819691025;-0.0031883379751838914;-0.02635223574358303
688;7.381056308746338;0.010820999999999997;-0.0015994065819691025;-0.007163821734764805;-0.02635223574358303
689;7.391743421554565;0.008820999999999996;-8.910763771121516e-05;0.0007871457843970225;-0.027847228410717406
690;7.402426481246948;0.010820999999999997;-0.0015994065819691025;-0.0031883379751838914;-0.024857243076448654
691;7.413118124008179;0.009820999999999996;0.0014211913065466722;-0.007163821734764805;-0.024857243076448654
692;7.4238121509552;0.008820999999999996;-8.910763771121516e-05;-0.0031883379751838914;-0.02635223574358303
693;7.434499263763428;0.010820999999999997;-8.910763771121516e-05;-0.0031883379751838914;-0.024857243076448654
694;7.445348739624023;0.009820999999999996;-0.0015994065819691025;-0.0031883379751838914;-0.02635223574358303
695;7.456039667129517;0.009820999999999996;-8.910763771121516e-05;0.0007871457843970225;-0.024857243076448654
696;7.4667747020721436;0.010820999999999997;-8.910763771121516e-05;-0.0031883379751838914;-0.02336225040931339
697;7.477463245391846;0.010820999999999997;-8.910763771121516e-05;-0.0031883379751838914;-0.02336225040931339
698;7.488155841827393;0.010820999999999997;0.0014211913065466722;-0.0031883379751838914;-0.024857243076448654
699;7.498847007751465;0.009820999999999996;-0.00310970552622699;-0.0031883379751838914;-0.024857243076448654
700;7.509540796279907;0.009820999999999996;-8.910763771121516e-05;-0.007163821734764805;-0.02336225040931339
701;7.520235538482666;0.010820999999999997;-0.0015994065819691025;-0.0031883379751838914;-0.021867257742179014
702;7.530932426452637;0.009820999999999996;-0.0015994065819691025;-0.007163821734764805;-0.02336225040931339
703;7.5416648387908936;0.010820999999999997;-0.0015994065819691025;-0.007163821734764805;-0.024857243076448654
704;7.552358865737915;0.010820999999999997;0.0014211913065466722;-0.0031883379751838914;-0.024857243076448654
705;7.563047885894775;0.010820999999999997;-8.910763771121516e-05;-0.0031883379751838914;-0.024857243076448654
706;7.573740005493164;0.009820999999999996;-8.910763771121516e-05;-0.0031883379751838914;-0.02336225040931339
707;7.584434747695923;0.010820999999999997;-0.0015994065819691025;-0.0031883379751838914;-0.02336225040931339
708;7.595138311386108;0.010820999999999997;0.0014211913065466722;-0.0031883379751838914;-0.02635223574358303
709;7.605827569961548;0.010820999999999997;-0.0015994065819691025;0.0007871457843970225;-0.02635223574358303
710;7.616528511047363;0.010820999999999997;-8.910763771121516e-05;-0.0031883379751838914;-0.027847228410717406
711;7.627279758453369;0.010820999999999997;-0.0015994065819691025;0.0007871457843970225;-0.02934222107785267
712;7.638023853302002;0.011820999999999998;-0.0015994065819691025;-0.0031883379751838914;-0.021867257742179014
713;7.648774147033691;0.010820999999999997;-0.00310970552622699;-0.0031883379751838914;-0.024857243076448654
714;7.659468173980713;0.009820999999999996;-0.0015994065819691025;-0.0031883379751838914;-0.027847228410717406
715;7.670159339904785;0.010820999999999997;-8.910763771121516e-05;-0.007163821734764805;-0.018877272407909373
716;7.680854558944702;0.010820999999999997;-8.910763771121516e-05;-0.0031883379751838914;-0.02336225040931339
717;7.691561222076416;0.009820999999999996;-0.0015994065819691025;0.0007871457843970225;-0.02336225040931339
718;7.702252626419067;0.009820999999999996;-8.910763771121516e-05;0.0007871457843970225;-0.021867257742179014
719;7.712942600250244;0.009820999999999996;-8.910763771121516e-05;-0.0031883379751838914;-0.030837213744987046
720;7.723636865615845;0.009820999999999996;-8.910763771121516e-05;-0.0031883379751838914;-0.02635223574358303
721;7.734326601028442;0.009820999999999996;-8.910763771121516e-05;-0.0031883379751838914;-0.02336225040931339
722;7.745070219039917;0.009820999999999996;-8.910763771121516e-05;-0.0031883379751838914;-0.02336225040931339
723;7.755762815475464;0.008820999999999996;-8.910763771121516e-05;-0.0031883379751838914;-0.021867257742179014
724;7.7664549350738525;0.009820999999999996;-0.0015994065819691025;-0.007163821734764805;-0.02336225040931339
725;7.777146816253662;0.009820999999999996;-8.910763771121516e-05;-0.0031883379751838914;-0.021867257742179014
726;7.787853717803955;0.009820999999999996;-0.0015994065819691025;-0.0031883379751838914;-0.02635223574358303
727;7.798544406890869;0.008820999999999996;-8.910763771121516e-05;-0.0031883379751838914;-0.02336225040931339
728;7.809239149093628;0.009820999999999996;-0.0015994065819691025;-0.0031883379751838914;-0.021867257742179014
729;7.819994926452637;0.010820999999999997;0.0014211913065466722;-0.0031883379751838914;-0.027847228410717406
730;7.830737113952637;0.010820999999999997;-8.910763771121516e-05;-0.0031883379751838914;-0.024857243076448654
731;7.8414318561553955;0.010820999999999997;-0.0015994065819691025;-0.0031883379751838914;-0.02635223574358303
732;7.852134943008423;0.010820999999999997;-0.0015994065819691025;-0.0031883379751838914;-0.02635223574358303
733;7.862825632095337;0.010820999999999997;-0.00310970552622699;-0.0031883379751838914;-0.02635223574358303
734;7.873516082763672;0.009820999999999996;-0.0015994065819691025;-0.0031883379751838914;-0.027847228410717406
735;7.8842175006866455;0.008820999999999996;-0.0015994065819691025;-0.0031883379751838914;-0.024857243076448654
736;7.894918203353882;0.009820999999999996;-8.910763771121516e-05;-0.0031883379751838914;-0.02336225040931339
737;7.905612945556641;0.010820999999999997;-0.0015994065819691025;-0.0031883379751838914;-0.024857243076448654
738;7.916304111480713;0.010820999999999997;-8.910763771121516e-05;-0.0031883379751838914;-0.021867257742179014
739;7.926997184753418;0.010820999999999997;-8.910763771121516e-05;-0.0031883379751838914;-0.024857243076448654
740;7.937690734863281;0.010820999999999997;-8.910763771121516e-05;-0.0031883379751838914;-0.027847228410717406
741;7.9483888149261475;0.008820999999999996;-8.910763771121516e-05;-0.0031883379751838914;-0.02336225040931339
742;7.959085464477539;0.009820999999999996;-8.910763771121516e-05;-0.0031883379751838914;-0.027847228410717406
743;7.96977686882019;0.010820999999999997;-8.910763771121516e-05;0.0007871457843970225;-0.02336225040931339
744;7.980463743209839;0.010820999999999997;-0.0015994065819691025;0.0007871457843970225;-0.02336225040931339
745;7.991152763366699;0.010820999999999997;-0.0015994065819691025;0.0007871457843970225;-0.02635223574358303
746;8.001840591430664;0.008820999999999996;-8.910763771121516e-05;-0.0031883379751838914;-0.017382279740774997
747;8.012593269348145;0.009820999999999996;-8.910763771121516e-05;-0.007163821734764805;-0.02336225040931339
748;8.023344278335571;0.009820999999999996;-0.0015994065819691025;-0.0031883379751838914;-0.020372265075044638
749;8.034048080444336;0.010820999999999997;-0.0015994065819691025;-0.0031883379751838914;-0.02336225040931339
750;8.044789552688599;0.008820999999999996;-0.0015994065819691025;-0.0031883379751838914;-0.027847228410717406
751;8.055497407913208;0.008820999999999996;-8.910763771121516e-05;-0.0031883379751838914;-0.021867257742179014
752;8.066182374954224;0.010820999999999997;-8.910763771121516e-05;-0.0031883379751838914;-0.030837213744987046
753;8.076879501342773;0.009820999999999996;-0.0015994065819691025;-0.0031883379751838914;-0.02336225040931339
754;8.087575197219849;0.009820999999999996;-8.910763771121516e-05;-0.0031883379751838914;-0.02336225040931339
755;8.098263263702393;0.010820999999999997;-0.0015994065819691025;-0.0031883379751838914;-0.027847228410717406
756;8.10895848274231;0.009820999999999996;-8.910763771121516e-05;-0.0031883379751838914;-0.020372265075044638
757;8.119650840759277;0.009820999999999996;-0.0015994065819691025;-0.0031883379751838914;-0.024857243076448654
758;8.130342721939087;0.009820999999999996;-8.910763771121516e-05;-0.0031883379751838914;-0.02336225040931339
759;8.141033172607422;0.008820999999999996;-0.0015994065819691025;-0.007163821734764805;-0.02336225040931339
760;8.15172791481018;0.008820999999999996;-0.0015994065819691025;-0.0031883379751838914;-0.02635223574358303
761;8.162486791610718;0.009820999999999996;-8.910763771121516e-05;0.0047626295439779365;-0.024857243076448654
762;8.173246622085571;0.010820999999999997;-0.0015994065819691025;-0.0031883379751838914;-0.027847228410717406
763;8.183942794799805;0.009820999999999996;-8.910763771121516e-05;-0.007163821734764805;-0.024857243076448654
764;8.19469165802002;0.008820999999999996;-0.0015994065819691025;-0.0031883379751838914;-0.02635223574358303
765;8.205393075942993;0.009820999999999996;-0.0015994065819691025;0.0007871457843970225;-0.02336225040931339
766;8.216085195541382;0.009820999999999996;-0.0015994065819691025;0.0007871457843970225;-0.02336225040931339
767;8.226784706115723;0.009820999999999996;-0.0015994065819691025;-0.0031883379751838914;-0.024857243076448654
768;8.237470865249634;0.010820999999999997;-0.0015994065819691025;-0.0031883379751838914;-0.02336225040931339
769;8.248196363449097;0.009820999999999996;0.0014211913065466722;-0.0031883379751838914;-0.02336225040931339
770;8.258886098861694;0.010820999999999997;-0.0015994065819691025;-0.0031883379751838914;-0.02635223574358303
771;8.269572734832764;0.009820999999999996;-8.910763771121516e-05;-0.0031883379751838914;-0.02336225040931339
772;8.28029203414917;0.010820999999999997;-0.0015994065819691025;-0.0031883379751838914;-0.027847228410717406
773;8.290996789932251;0.009820999999999996;-0.0015994065819691025;-0.0031883379751838914;-0.02934222107785267
774;8.30168890953064;0.011820999999999998;-0.0015994065819691025;-0.0031883379751838914;-0.024857243076448654
775;8.312374591827393;0.010820999999999997;-0.0015994065819691025;-0.0031883379751838914;-0.027847228410717406
776;8.323055744171143;0.009820999999999996;-8.910763771121516e-05;-0.0031883379751838914;-0.024857243076448654
777;8.333749055862427;0.009820999999999996;-8.910763771121516e-05;-0.0031883379751838914;-0.021867257742179014
778;8.344432830810547;0.009820999999999996;-0.0015994065819691025;-0.007163821734764805;-0.02336225040931339
779;8.356481313705444;0.009820999999999996;-0.0015994065819691025;0.0007871457843970225;-0.024857243076448654
780;8.367226839065552;0.009820999999999996;-0.0015994065819691025;-0.0031883379751838914;-0.02635223574358303
781;8.378020763397217;0.009820999999999996;-8.910763771121516e-05;-0.007163821734764805;-0.02635223574358303
782;8.388704061508179;0.010820999999999997;-8.910763771121516e-05;0.0007871457843970225;-0.02635223574358303
783;8.399436235427856;0.009820999999999996;-8.910763771121516e-05;-0.0031883379751838914;-0.027847228410717406
784;8.410119533538818;0.010820999999999997;-8.910763771121516e-05;-0.0031883379751838914;-0.02635223574358303
785;8.420814514160156;0.009820999999999996;-8.910763771121516e-05;-0.0031883379751838914;-0.024857243076448654
786;8.431503534317017;0.009820999999999996;-8.910763771121516e-05;-0.0031883379751838914;-0.021867257742179014
787;8.44218111038208;0.009820999999999996;0.0014211913065466722;0.0007871457843970225;-0.020372265075044638
788;8.452910661697388;0.009820999999999996;-0.0015994065819691025;0.0007871457843970225;-0.02635223574358303
789;8.46358871459961;0.009820999999999996;-8.910763771121516e-05;-0.0031883379751838914;-0.02336225040931339
790;8.474275350570679;0.008820999999999996;-8.910763771121516e-05;-0.007163821734764805;-0.02635223574358303
791;8.484959363937378;0.009820999999999996;-8.910763771121516e-05;-0.0031883379751838914;-0.02635223574358303
792;8.495647192001343;0.009820999999999996;-8.910763771121516e-05;-0.0031883379751838914;-0.02336225040931339
793;8.50632905960083;0.010820999999999997;-0.0015994065819691025;0.0007871457843970225;-0.02635223574358303
794;8.517015933990479;0.009820999999999996;-8.910763771121516e-05;-0.0031883379751838914;-0.024857243076448654
795;8.52770471572876;0.010820999999999997;-8.910763771121516e-05;-0.0031883379751838914;-0.02336225040931339
796;8.538393497467041;0.010820999999999997;-8.910763771121516e-05;0.0007871457843970225;-0.024857243076448654
797;8.549074649810791;0.011820999999999998;-8.910763771121516e-05;-0.0031883379751838914;-0.024857243076448654
798;8.55975890159607;0.009820999999999996;-0.0015994065819691025;-0.0031883379751838914;-0.027847228410717406
799;8.570444583892822;0.009820999999999996;-8.910763771121516e-05;0.0007871457843970225;-0.02934222107785267
800;8.581128597259521;0.009820999999999996;-8.910763771121516e-05;-0.0031883379751838914;-0.024857243076448654
801;8.591822862625122;0.011820999999999998;-0.0015994065819691025;-0.0031883379751838914;-0.02934222107785267
802;8.60256838798523;0.010820999999999997;-8.910763771121516e-05;-0.0031883379751838914;-0.027847228410717406
803;8.613316297531128;0.010820999999999997;-8.910763771121516e-05;-0.007163821734764805;-0.02635223574358303
804;8.62400197982788;0.010820999999999997;-8.910763771121516e-05;-0.007163821734764805;-0.027847228410717406
805;8.634751081466675;0.008820999999999996;-8.910763771121516e-05;-0.0031883379751838914;-0.024857243076448654
806;8.645445346832275;0.010820999999999997;-0.0015994065819691025;-0.0031883379751838914;-0.024857243076448654
807;8.65617847442627;0.009820999999999996;0.0014211913065466722;-0.007163821734764805;-0.02336225040931339
808;8.666864156723022;0.009820999999999996;-8.910763771121516e-05;0.0007871457843970225;-0.02336225040931339
809;8.677550792694092;0.010820999999999997;-8.910763771121516e-05;-0.007163821734764805;-0.024857243076448654
810;8.688248872756958;0.009820999999999996;-8.910763771121516e-05;-0.0031883379751838914;-0.021867257742179014
811;8.698938608169556;0.010820999999999997;-8.910763771121516e-05;-0.007163821734764805;-0.02635223574358303
812;8.709625482559204;0.009820999999999996;-8.910763771121516e-05;-0.0031883379751838914;-0.02336225040931339
813;8.72031044960022;0.010820999999999997;-8.910763771121516e-05;-0.007163821734764805;-0.02635223574358303
814;8.730997800827026;0.010820999999999997;0.0014211913065466722;-0.0031883379751838914;-0.024857243076448654
815;8.741683721542358;0.009820999999999996;-0.0015994065819691025;-0.007163821734764805;-0.02336225040931339
816;8.752416849136353;0.010820999999999997;-0.0015994065819691025;0.0007871457843970225;-0.02336225040931339
817;8.763103246688843;0.010820999999999997;-0.0015994065819691025;-0.0031883379751838914;-0.02635223574358303
818;8.773790121078491;0.009820999999999996;-0.0015994065819691025;-0.007163821734764805;-0.02336225040931339
819;8.78447151184082;0.009820999999999996;-0.0015994065819691025;-0.0031883379751838914;-0.024857243076448654
820;8.795258045196533;0.009820999999999996;-0.0015994065819691025;-0.0031883379751838914;-0.02635223574358303
821;8.80595588684082;0.009820999999999996;-8.910763771121516e-05;-0.0031883379751838914;-0.02635223574358303
822;8.816642761230469;0.010820999999999997;0.0014211913065466722;-0.0031883379751838914;-0.02635223574358303
823;8.827377796173096;0.009820999999999996;-0.0015994065819691025;-0.0031883379751838914;-0.027847228410717406
824;8.838069677352905;0.009820999999999996;-8.910763771121516e-05;-0.0031883379751838914;-0.02635223574358303
825;8.848799228668213;0.010820999999999997;-0.0015994065819691025;-0.0031883379751838914;-0.024857243076448654
826;8.859499454498291;0.010820999999999997;0.0014211913065466722;-0.0031883379751838914;-0.024857243076448654
827;8.870182037353516;0.009820999999999996;-0.0015994065819691025;-0.0031883379751838914;-0.02336225040931339
828;8.880873680114746;0.009820999999999996;-8.910763771121516e-05;0.0007871457843970225;-0.02635223574358303
829;8.891561508178711;0.010820999999999997;-8.910763771121516e-05;-0.0031883379751838914;-0.027847228410717406
830;8.90224552154541;0.009820999999999996;-0.0015994065819691025;0.0007871457843970225;-0.02635223574358303
831;8.912930727005005;0.010820999999999997;-0.0015994065819691025;-0.0031883379751838914;-0.02635223574358303
832;8.923624753952026;0.009820999999999996;-8.910763771121516e-05;-0.007163821734764805;-0.02635223574358303
833;8.934323787689209;0.010820999999999997;-0.0015994065819691025;-0.007163821734764805;-0.02336225040931339
834;8.945006370544434;0.009820999999999996;-0.0015994065819691025;-0.0031883379751838914;-0.024857243076448654
835;8.955743312835693;0.010820999999999997;-8.910763771121516e-05;0.0007871457843970225;-0.02336225040931339
836;8.966433048248291;0.009820999999999996;-8.910763771121516e-05;-0.0031883379751838914;-0.021867257742179014
837;8.977125644683838;0.009820999999999996;-0.0015994065819691025;0.0007871457843970225;-0.024857243076448654
838;8.987816572189331;0.009820999999999996;-0.0015994065819691025;-0.0031883379751838914;-0.02635223574358303
839;8.998503923416138;0.009820999999999996;-8.910763771121516e-05;-0.007163821734764805;-0.02635223574358303
840;9.009194135665894;0.009820999999999996;-8.910763771121516e-05;-0.007163821734764805;-0.027847228410717406
841;9.019946813583374;0.010820999999999997;-8.910763771121516e-05;-0.0031883379751838914;-0.02635223574358303
842;9.030690670013428;0.008820999999999996;-0.0015994065819691025;-0.0031883379751838914;-0.027847228410717406
843;9.04137659072876;0.010820999999999997;-0.0015994065819691025;-0.0031883379751838914;-0.02336225040931339
844;9.052146434783936;0.010820999999999997;-8.910763771121516e-05;-0.0031883379751838914;-0.02635223574358303
845;9.062851667404175;0.010820999999999997;-0.0015994065819691025;-0.0031883379751838914;-0.024857243076448654
846;9.073546648025513;0.011820999999999998;-8.910763771121516e-05;-0.007163821734764805;-0.02336225040931339
847;9.084235191345215;0.010820999999999997;-8.910763771121516e-05;-0.007163821734764805;-0.02635223574358303
848;9.094921350479126;0.009820999999999996;0.0014211913065466722;-0.0031883379751838914;-0.024857243076448654
849;9.105611085891724;0.009820999999999996;-0.00310970552622699;-0.0031883379751838914;-0.02635223574358303
850;9.116301536560059;0.010820999999999997;0.0014211913065466722;-0.0031883379751838914;-0.024857243076448654
851;9.126988649368286;0.010820999999999997;-8.910763771121516e-05;-0.0031883379751838914;-0.02635223574358303
852;9.137673139572144;0.009820999999999996;-8.910763771121516e-05;-0.007163821734764805;-0.02635223574358303
853;9.148358821868896;0.009820999999999996;-0.0015994065819691025;0.0007871457843970225;-0.024857243076448654
854;9.159095764160156;0.009820999999999996;-8.910763771121516e-05;-0.0031883379751838914;-0.024857243076448654
855;9.169777631759644;0.011820999999999998;-8.910763771121516e-05;0.0007871457843970225;-0.021867257742179014
856;9.180458784103394;0.010820999999999997;-0.0015994065819691025;-0.007163821734764805;-0.02336225040931339
857;9.19114899635315;0.011820999999999998;-0.0015994065819691025;-0.007163821734764805;-0.02336225040931339
858;9.201831102371216;0.009820999999999996;-8.910763771121516e-05;-0.0031883379751838914;-0.024857243076448654
859;9.212581872940063;0.011820999999999998;-8.910763771121516e-05;-0.0031883379751838914;-0.024857243076448654
860;9.223297595977783;0.011820999999999998;-8.910763771121516e-05;-0.0031883379751838914;-0.024857243076448654
861;9.2339928150177;0.008820999999999996;-0.0015994065819691025;-0.0031883379751838914;-0.024857243076448654
862;9.244694709777832;0.010820999999999997;0.0014211913065466722;0.0007871457843970225;-0.024857243076448654
863;9.255386352539062;0.010820999999999997;-8.910763771121516e-05;-0.0031883379751838914;-0.02635223574358303
864;9.26607346534729;0.010820999999999997;-8.910763771121516e-05;-0.0031883379751838914;-0.02635223574358303
865;9.276759147644043;0.010820999999999997;-8.910763771121516e-05;-0.0031883379751838914;-0.02635223574358303
866;9.287495374679565;0.010820999999999997;-8.910763771121516e-05;-0.0031883379751838914;-0.02336225040931339
867;9.298187732696533;0.009820999999999996;-8.910763771121516e-05;-0.0031883379751838914;-0.027847228410717406
868;9.308872699737549;0.010820999999999997;-8.910763771121516e-05;-0.0031883379751838914;-0.027847228410717406
869;9.31956696510315;0.010820999999999997;-0.0015994065819691025;-0.0031883379751838914;-0.02635223574358303
870;9.330259561538696;0.009820999999999996;-8.910763771121516e-05;-0.0031883379751838914;-0.02934222107785267
871;9.340952396392822;0.007820999999999995;-8.910763771121516e-05;-0.0031883379751838914;-0.024857243076448654
872;9.35163950920105;0.009820999999999996;0.0014211913065466722;-0.0031883379751838914;-0.024857243076448654
873;9.362322807312012;0.010820999999999997;-0.0015994065819691025;0.0007871457843970225;-0.02336225040931339
874;9.373013973236084;0.009820999999999996;-0.0015994065819691025;-0.0031883379751838914;-0.02336225040931339
875;9.385024547576904;0.009820999999999996;0.0014211913065466722;0.0007871457843970225;-0.024857243076448654
876;9.395756483078003;0.009820999999999996;-0.0015994065819691025;-0.0031883379751838914;-0.024857243076448654
877;9.406449317932129;0.010820999999999997;-8.910763771121516e-05;-0.0031883379751838914;-0.02336225040931339
878;9.417142868041992;0.010820999999999997;-8.910763771121516e-05;-0.0031883379751838914;-0.024857243076448654
879;9.427837610244751;0.009820999999999996;-8.910763771121516e-05;-0.0031883379751838914;-0.024857243076448654
880;9.438528299331665;0.010820999999999997;-8.910763771121516e-05;-0.0031883379751838914;-0.024857243076448654
881;9.449220657348633;0.009820999999999996;-8.910763771121516e-05;-0.007163821734764805;-0.02635223574358303
882;9.46001386642456;0.008820999999999996;-8.910763771121516e-05;-0.0031883379751838914;-0.02336225040931339
883;9.470707654953003;0.009820999999999996;-8.910763771121516e-05;-0.0031883379751838914;-0.021867257742179014
884;9.481402397155762;0.008820999999999996;-0.0015994065819691025;-0.0031883379751838914;-0.024857243076448654
885;9.492091655731201;0.010820999999999997;-0.0015994065819691025;-0.007163821734764805;-0.024857243076448654
886;9.502781867980957;0.010820999999999997;-8.910763771121516e-05;-0.007163821734764805;-0.02635223574358303
887;9.51347827911377;0.010820999999999997;-0.0015994065819691025;-0.0031883379751838914;-0.024857243076448654
888;9.524209260940552;0.010820999999999997;0.0014211913065466722;-0.0031883379751838914;-0.024857243076448654
889;9.534899950027466;0.010820999999999997;-0.00310970552622699;-0.0031883379751838914;-0.02336225040931339
890;9.545595169067383;0.011820999999999998;-0.0015994065819691025;-0.0031883379751838914;-0.024857243076448654
891;9.556319952011108;0.010820999999999997;-0.0015994065819691025;0.0007871457843970225;-0.02336225040931339
892;9.567014455795288;0.010820999999999997;-0.0015994065819691025;-0.0031883379751838914;-0.02336225040931339
893;9.577706098556519;0.010820999999999997;-0.0015994065819691025;-0.0031883379751838914;-0.024857243076448654
894;9.588398456573486;0.009820999999999996;-0.0015994065819691025;-0.0031883379751838914;-0.02635223574358303
895;9.599102258682251;0.009820999999999996;-8.910763771121516e-05;-0.0031883379751838914;-0.021867257742179014
896;9.609796047210693;0.010820999999999997;-8.910763771121516e-05;-0.007163821734764805;-0.024857243076448654
897;9.620489120483398;0.010820999999999997;-8.910763771121516e-05;0.0007871457843970225;-0.027847228410717406
898;9.631179571151733;0.010820999999999997;-0.0015994065819691025;-0.0031883379751838914;-0.024857243076448654
899;9.641896724700928;0.010820999999999997;-8.910763771121516e-05;-0.0031883379751838914;-0.024857243076448654
900;9.652650356292725;0.009820999999999996;-8.910763771121516e-05;-0.007163821734764805;-0.024857243076448654
901;9.663389205932617;0.009820999999999996;-0.00310970552622699;-0.0031883379751838914;-0.02635223574358303
902;9.674080848693848;0.010820999999999997;-8.910763771121516e-05;-0.007163821734764805;-0.02635223574358303
903;9.684792041778564;0.009820999999999996;-8.910763771121516e-05;-0.0031883379751838914;-0.027847228410717406
904;9.695486783981323;0.009820999999999996;-0.0015994065819691025;-0.0031883379751838914;-0.024857243076448654
905;9.706188917160034;0.010820999999999997;-8.910763771121516e-05;-0.0031883379751838914;-0.024857243076448654
906;9.716878414154053;0.009820999999999996;-8.910763771121516e-05;-0.0031883379751838914;-0.02336225040931339
907;9.72757363319397;0.010820999999999997;-8.910763771121516e-05;-0.0031883379751838914;-0.02635223574358303
908;9.73826813697815;0.009820999999999996;-0.0015994065819691025;0.0007871457843970225;-0.024857243076448654
909;9.748965740203857;0.010820999999999997;-0.0015994065819691025;0.0007871457843970225;-0.02934222107785267
910;9.759654521942139;0.009820999999999996;-8.910763771121516e-05;-0.007163821734764805;-0.027847228410717406
911;9.770349502563477;0.008820999999999996;-8.910763771121516e-05;0.0007871457843970225;-0.027847228410717406
912;9.781042098999023;0.010820999999999997;-8.910763771121516e-05;-0.0031883379751838914;-0.024857243076448654
913;9.791729927062988;0.009820999999999996;-8.910763771121516e-05;-0.0031883379751838914;-0.02934222107785267
914;9.80242371559143;0.009820999999999996;0.0014211913065466722;-0.0031883379751838914;-0.024857243076448654
915;9.813112735748291;0.009820999999999996;-8.910763771121516e-05;-0.007163821734764805;-0.02635223574358303
916;9.823812007904053;0.009820999999999996;-0.0015994065819691025;-0.0031883379751838914;-0.024857243076448654
917;9.83450698852539;0.008820999999999996;-8.910763771121516e-05;0.0007871457843970225;-0.024857243076448654
918;9.84531021118164;0.010820999999999997;-8.910763771121516e-05;0.0007871457843970225;-0.02635223574358303
919;9.856008529663086;0.009820999999999996;0.0014211913065466722;-0.0031883379751838914;-0.024857243076448654
920;9.8667151927948;0.009820999999999996;-0.0015994065819691025;-0.0031883379751838914;-0.024857243076448654
921;9.877427101135254;0.010820999999999997;-8.910763771121516e-05;-0.0031883379751838914;-0.02635223574358303
922;9.888126373291016;0.009820999999999996;-8.910763771121516e-05;-0.0031883379751838914;-0.02336225040931339
923;9.89882493019104;0.008820999999999996;-0.0015994065819691025;-0.0031883379751838914;-0.02336225040931339
924;9.909520626068115;0.009820999999999996;-0.0015994065819691025;-0.0031883379751838914;-0.02336225040931339
925;9.920219421386719;0.011820999999999998;-8.910763771121516e-05;-0.0031883379751838914;-0.02635223574358303
926;9.930917263031006;0.009820999999999996;-8.910763771121516e-05;-0.0031883379751838914;-0.024857243076448654
927;9.941611051559448;0.010820999999999997;-0.0015994065819691025;0.0007871457843970225;-0.024857243076448654
928;9.952308177947998;0.010820999999999997;-0.0015994065819691025;-0.007163821734764805;-0.024857243076448654
929;9.963046073913574;0.009820999999999996;-0.0015994065819691025;-0.0031883379751838914;-0.027847228410717406
930;9.973738670349121;0.010820999999999997;-0.0015994065819691025;-0.007163821734764805;-0.027847228410717406
931;9.984434127807617;0.010820999999999997;-0.0015994065819691025;-0.0031883379751838914;-0.027847228410717406
932;9.995133876800537;0.010820999999999997;-0.0015994065819691025;-0.0031883379751838914;-0.024857243076448654
933;10.005831480026245;0.010820999999999997;-8.910763771121516e-05;-0.007163821734764805;-0.027847228410717406
934;10.016532182693481;0.008820999999999996;-8.910763771121516e-05;-0.007163821734764805;-0.02635223574358303
935;10.027281045913696;0.009820999999999996;-0.0015994065819691025;-0.0031883379751838914;-0.02635223574358303
936;10.038020610809326;0.010820999999999997;-0.0015994065819691025;0.0007871457843970225;-0.024857243076448654
937;10.04871416091919;0.009820999999999996;-8.910763771121516e-05;-0.0031883379751838914;-0.024857243076448654
938;10.059455156326294;0.009820999999999996;-0.0015994065819691025;-0.0031883379751838914;-0.02635223574358303
939;10.070148229598999;0.010820999999999997;-0.0015994065819691025;-0.0031883379751838914;-0.02635223574358303
940;10.08085012435913;0.010820999999999997;-8.910763771121516e-05;-0.0031883379751838914;-0.02635223574358303
941;10.091544389724731;0.010820999999999997;-0.0015994065819691025;-0.0031883379751838914;-0.024857243076448654
942;10.102246284484863;0.009820999999999996;-8.910763771121516e-05;-0.0031883379751838914;-0.024857243076448654
943;10.112953901290894;0.010820999999999997;-8.910763771121516e-05;-0.0031883379751838914;-0.021867257742179014
944;10.123656272888184;0.009820999999999996;-0.00310970552622699;0.0007871457843970225;-0.02635223574358303
945;10.134346723556519;0.010820999999999997;-8.910763771121516e-05;-0.0031883379751838914;-0.021867257742179014
946;10.145039558410645;0.010820999999999997;-8.910763771121516e-05;0.0007871457843970225;-0.02336225040931339
947;10.155746936798096;0.009820999999999996;-8.910763771121516e-05;-0.0031883379751838914;-0.02336225040931339
948;10.166482210159302;0.009820999999999996;-8.910763771121516e-05;-0.0031883379751838914;-0.024857243076448654
949;10.177227973937988;0.010820999999999997;-8.910763771121516e-05;-0.0031883379751838914;-0.02635223574358303
950;10.187968969345093;0.010820999999999997;-8.910763771121516e-05;-0.007163821734764805;-0.024857243076448654
951;10.198670625686646;0.010820999999999997;-0.0015994065819691025;0.0007871457843970225;-0.027847228410717406
952;10.209373712539673;0.009820999999999996;-8.910763771121516e-05;-0.007163821734764805;-0.02635223574358303
953;10.220063209533691;0.009820999999999996;-0.0015994065819691025;-0.0031883379751838914;-0.02635223574358303
954;10.230760335922241;0.010820999999999997;-0.0015994065819691025;-0.0031883379751838914;-0.024857243076448654
955;10.241451501846313;0.009820999999999996;-8.910763771121516e-05;0.0007871457843970225;-0.02635223574358303
956;10.252147436141968;0.009820999999999996;-0.0015994065819691025;0.0007871457843970225;-0.02635223574358303
957;10.262878179550171;0.010820999999999997;-0.0015994065819691025;-0.007163821734764805;-0.02635223574358303
958;10.273584842681885;0.009820999999999996;-8.910763771121516e-05;-0.007163821734764805;-0.02635223574358303
959;10.284284830093384;0.010820999999999997;-0.0015994065819691025;-0.007163821734764805;-0.024857243076448654
960;10.294976472854614;0.010820999999999997;0.0014211913065466722;-0.0031883379751838914;-0.02635223574358303
961;10.305674314498901;0.010820999999999997;-8.910763771121516e-05;-0.0031883379751838914;-0.024857243076448654
962;10.316365957260132;0.009820999999999996;0.0014211913065466722;-0.007163821734764805;-0.024857243076448654
963;10.327057600021362;0.010820999999999997;-0.0015994065819691025;-0.0031883379751838914;-0.024857243076448654
964;10.33775019645691;0.009820999999999996;-0.0015994065819691025;-0.0031883379751838914;-0.02336225040931339
965;10.348441123962402;0.010820999999999997;-8.910763771121516e-05;-0.0031883379751838914;-0.02336225040931339
966;10.359135627746582;0.010820999999999997;-0.0015994065819691025;0.0007871457843970225;-0.024857243076448654
967;10.369924783706665;0.009820999999999996;-0.0015994065819691025;-0.0031883379751838914;-0.02336225040931339
968;10.380663633346558;0.010820999999999997;-8.910763771121516e-05;0.0007871457843970225;-0.024857243076448654
969;10.391351461410522;0.010820999999999997;0.0014211913065466722;-0.0031883379751838914;-0.021867257742179014
970;10.402105331420898;0.011820999999999998;-0.0015994065819691025;-0.0031883379751838914;-0.021867257742179014
971;10.41280484199524;0.009820999999999996;-8.910763771121516e-05;-0.0031883379751838914;-0.021867257742179014
972;10.424793004989624;0.010820999999999997;-8.910763771121516e-05;-0.007163821734764805;-0.02336225040931339
973;10.435484886169434;0.010820999999999997;-8.910763771121516e-05;-0.0031883379751838914;-0.02336225040931339
974;10.446176290512085;0.011820999999999998;-8.910763771121516e-05;-0.007163821734764805;-0.024857243076448654
975;10.456867694854736;0.009820999999999996;-0.0015994065819691025;-0.0031883379751838914;-0.024857243076448654
976;10.467598915100098;0.010820999999999997;-0.0015994065819691025;-0.007163821734764805;-0.024857243076448654
977;10.478293180465698;0.010820999999999997;-8.910763771121516e-05;-0.0031883379751838914;-0.024857243076448654
978;10.488975048065186;0.009820999999999996;-8.910763771121516e-05;-0.0031883379751838914;-0.021867257742179014
979;10.499662399291992;0.009820999999999996;-0.0015994065819691025;-0.0031883379751838914;-0.02635223574358303
980;10.510352373123169;0.009820999999999996;-0.0015994065819691025;-0.0031883379751838914;-0.02635223574358303
981;10.521040201187134;0.009820999999999996;-8.910763771121516e-05;-0.0031883379751838914;-0.027847228410717406
982;10.531725883483887;0.009820999999999996;-0.0015994065819691025;0.0007871457843970225;-0.027847228410717406
983;10.542417526245117;0.009820999999999996;-0.0015994065819691025;-0.0031883379751838914;-0.024857243076448654
984;10.55310869216919;0.010820999999999997;-8.910763771121516e-05;-0.0031883379751838914;-0.02635223574358303
985;10.563836336135864;0.010820999999999997;-0.0015994065819691025;-0.007163821734764805;-0.024857243076448654
986;10.574522256851196;0.009820999999999996;-0.0015994065819691025;-0.0031883379751838914;-0.024857243076448654
987;10.585315704345703;0.010820999999999997;-8.910763771121516e-05;-0.0031883379751838914;-0.02635223574358303
988;10.596006155014038;0.009820999999999996;-0.0015994065819691025;-0.0031883379751838914;-0.024857243076448654
989;10.606698989868164;0.011820999999999998;-0.0015994065819691025;-0.007163821734764805;-0.024857243076448654
990;10.617390632629395;0.010820999999999997;-8.910763771121516e-05;-0.007163821734764805;-0.027847228410717406
991;10.628116130828857;0.010820999999999997;-0.00310970552622699;-0.0031883379751838914;-0.02635223574358303
992;10.63880968093872;0.011820999999999998;-0.0015994065819691025;-0.0031883379751838914;-0.027847228410717406
993;10.649502277374268;0.009820999999999996;-8.910763771121516e-05;-0.0031883379751838914;-0.02336225040931339
994;10.660195112228394;0.010820999999999997;0.0014211913065466722;-0.0031883379751838914;-0.024857243076448654
995;10.6709303855896;0.009820999999999996;0.0014211913065466722;-0.0031883379751838914;-0.024857243076448654
996;10.681626558303833;0.011820999999999998;-8.910763771121516e-05;-0.007163821734764805;-0.02336225040931339
997;10.692324876785278;0.008820999999999996;0.0014211913065466722;-0.0031883379751838914;-0.02635223574358303
998;10.703017950057983;0.009820999999999996;-0.0015994065819691025;-0.007163821734764805;-0.02336225040931339
999;10.713713645935059;0.011820999999999998;-0.0015994065819691025;0.0007871457843970225;-0.024857243076448654
1000;10.72439980506897;0.009820999999999996;-0.0015994065819691025;-0.007163821734764805;-0.02635223574358303
1001;10.735095739364624;0.009820999999999996;-0.0015994065819691025;0.0007871457843970225;-0.02336225040931339
1002;10.745790719985962;0.009820999999999996;-0.0015994065819691025;-0.007163821734764805;-0.02336225040931339
1003;10.756484746932983;0.010820999999999997;-8.910763771121516e-05;-0.0031883379751838914;-0.02336225040931339
1004;10.767266511917114;0.010820999999999997;-0.0015994065819691025;-0.007163821734764805;-0.024857243076448654
1005;10.778011560440063;0.010820999999999997;-0.0015994065819691025;-0.0031883379751838914;-0.02336225040931339
1006;10.788702964782715;0.009820999999999996;-8.910763771121516e-05;-0.0031883379751838914;-0.021867257742179014
1007;10.799444913864136;0.011820999999999998;-8.910763771121516e-05;-0.0031883379751838914;-0.024857243076448654
1008;10.810141563415527;0.009820999999999996;0.0014211913065466722;-0.0031883379751838914;-0.020372265075044638
1009;10.82083249092102;0.009820999999999996;-0.0015994065819691025;-0.0031883379751838914;-0.02336225040931339
1010;10.831523180007935;0.009820999999999996;-8.910763771121516e-05;-0.0031883379751838914;-0.02336225040931339
1011;10.84221863746643;0.009820999999999996;-8.910763771121516e-05;-0.0031883379751838914;-0.024857243076448654
1012;10.852911233901978;0.009820999999999996;0.0014211913065466722;-0.0031883379751838914;-0.027847228410717406
1013;10.863606214523315;0.010820999999999997;-8.910763771121516e-05;-0.0031883379751838914;-0.024857243076448654
1014;10.874336957931519;0.009820999999999996;-8.910763771121516e-05;0.0007871457843970225;-0.02635223574358303
1015;10.8850679397583;0.010820999999999997;0.0014211913065466722;-0.0031883379751838914;-0.02635223574358303
1016;10.895768880844116;0.009820999999999996;-8.910763771121516e-05;-0.0031883379751838914;-0.027847228410717406
1017;10.906463623046875;0.010820999999999997;-0.0015994065819691025;-0.0031883379751838914;-0.024857243076448654
1018;10.91721773147583;0.009820999999999996;-8.910763771121516e-05;-0.0031883379751838914;-0.027847228410717406
1019;10.927963018417358;0.009820999999999996;-0.0015994065819691025;-0.007163821734764805;-0.027847228410717406
1020;10.93865418434143;0.008820999999999996;-8.910763771121516e-05;0.0007871457843970225;-0.027847228410717406
1021;10.949342727661133;0.010820999999999997;-8.910763771121516e-05;-0.0031883379751838914;-0.02635223574358303
1022;10.960036516189575;0.010820999999999997;-0.0015994065819691025;0.0007871457843970225;-0.027847228410717406
1023;10.970776796340942;0.010820999999999997;-8.910763771121516e-05;-0.011139305494345733;-0.02934222107785267
1024;10.981469631195068;0.008820999999999996;-8.910763771121516e-05;-0.0031883379751838914;-0.024857243076448654
1025;10.992167949676514;0.008820999999999996;-8.910763771121516e-05;-0.0031883379751838914;-0.02635223574358303
1026;11.002856731414795;0.010820999999999997;-0.0015994065819691025;-0.0031883379751838914;-0.024857243076448654
1027;11.013564109802246;0.009820999999999996;-8.910763771121516e-05;-0.0031883379751838914;-0.024857243076448654
1028;11.024253606796265;0.008820999999999996;-8.910763771121516e-05;-0.0031883379751838914;-0.02336225040931339
1029;11.034952878952026;0.009820999999999996;0.0014211913065466722;0.0007871457843970225;-0.02336225040931339
1030;11.045644521713257;0.010820999999999997;-0.0015994065819691025;-0.0031883379751838914;-0.024857243076448654
1031;11.056336641311646;0.009820999999999996;-8.910763771121516e-05;-0.0031883379751838914;-0.021867257742179014
1032;11.067028760910034;0.010820999999999997;-0.0015994065819691025;-0.0031883379751838914;-0.02635223574358303
1033;11.077720880508423;0.009820999999999996;-0.0015994065819691025;-0.0031883379751838914;-0.021867257742179014
1034;11.088413953781128;0.009820999999999996;-0.0015994065819691025;-0.0031883379751838914;-0.020372265075044638
1035;11.099114179611206;0.008820999999999996;0.0029314902508045595;-0.0031883379751838914;-0.02336225040931339
1036;11.109817504882812;0.009820999999999996;-0.0015994065819691025;-0.0031883379751838914;-0.020372265075044638
1037;11.120543718338013;0.009820999999999996;-0.0015994065819691025;-0.0031883379751838914;-0.02336225040931339
1038;11.131234169006348;0.010820999999999997;-0.0015994065819691025;0.0007871457843970225;-0.020372265075044638
1039;11.141932010650635;0.009820999999999996;-8.910763771121516e-05;-0.0031883379751838914;-0.018877272407909373
1040;11.152681112289429;0.009820999999999996;-8.910763771121516e-05;-0.0031883379751838914;-0.02336225040931339
1041;11.163379430770874;0.010820999999999997;-0.0015994065819691025;0.0007871457843970225;-0.02635223574358303
1042;11.174119472503662;0.009820999999999996;-0.0015994065819691025;-0.0031883379751838914;-0.021867257742179014
1043;11.184813022613525;0.009820999999999996;-8.910763771121516e-05;-0.0031883379751838914;-0.03233220641212231
1044;11.195511817932129;0.010820999999999997;-8.910763771121516e-05;-0.007163821734764805;-0.020372265075044638
1045;11.206200361251831;0.009820999999999996;-8.910763771121516e-05;-0.007163821734764805;-0.03233220641212231
1046;11.216897249221802;0.010820999999999997;-0.00310970552622699;-0.0031883379751838914;-0.02934222107785267
1047;11.227590560913086;0.010820999999999997;-8.910763771121516e-05;0.0007871457843970225;-0.024857243076448654
1048;11.238279819488525;0.010820999999999997;-8.910763771121516e-05;-0.0031883379751838914;-0.03233220641212231
1049;11.248971700668335;0.010820999999999997;-8.910763771121516e-05;-0.007163821734764805;-0.021867257742179014
1050;11.259664058685303;0.010820999999999997;-8.910763771121516e-05;-0.0031883379751838914;-0.03233220641212231
1051;11.270396947860718;0.008820999999999996;-0.0015994065819691025;-0.0031883379751838914;-0.02635223574358303
1052;11.28109097480774;0.010820999999999997;-8.910763771121516e-05;-0.0031883379751838914;-0.027847228410717406
1053;11.291780233383179;0.009820999999999996;-0.0015994065819691025;-0.0031883379751838914;-0.02934222107785267
1054;11.302517652511597;0.006820999999999994;-8.910763771121516e-05;0.0007871457843970225;-0.024857243076448654
1055;11.313257217407227;0.010820999999999997;-0.0015994065819691025;0.0007871457843970225;-0.02934222107785267
1056;11.32395601272583;0.008820999999999996;-0.0015994065819691025;-0.0031883379751838914;-0.024857243076448654
1057;11.334693431854248;0.010820999999999997;-0.0015994065819691025;-0.0031883379751838914;-0.02635223574358303
1058;11.345389604568481;0.010820999999999997;-8.910763771121516e-05;-0.007163821734764805;-0.024857243076448654
1059;11.356082201004028;0.009820999999999996;-0.0015994065819691025;-0.0031883379751838914;-0.021867257742179014
1060;11.366777420043945;0.010820999999999997;0.0014211913065466722;-0.0031883379751838914;-0.027847228410717406
1061;11.377509117126465;0.010820999999999997;-8.910763771121516e-05;-0.0031883379751838914;-0.02635223574358303
1062;11.388195037841797;0.010820999999999997;-0.0015994065819691025;-0.0031883379751838914;-0.02336225040931339
1063;11.398889064788818;0.010820999999999997;-8.910763771121516e-05;-0.0031883379751838914;-0.02336225040931339
1064;11.409579038619995;0.009820999999999996;-0.0015994065819691025;-0.0031883379751838914;-0.021867257742179014
1065;11.420276165008545;0.010820999999999997;0.0014211913065466722;0.0007871457843970225;-0.020372265075044638
1066;11.430968284606934;0.009820999999999996;-8.910763771121516e-05;-0.0031883379751838914;-0.024857243076448654
1067;11.441654443740845;0.010820999999999997;-8.910763771121516e-05;-0.0031883379751838914;-0.02336225040931339
1068;11.455467462539673;0.009820999999999996;-8.910763771121516e-05;-0.0031883379751838914;-0.02635223574358303
1069;11.466181516647339;0.010820999999999997;-0.0015994065819691025;-0.0031883379751838914;-0.024857243076448654
1070;11.476925134658813;0.010820999999999997;-0.0015994065819691025;-0.007163821734764805;-0.021867257742179014
1071;11.487616539001465;0.010820999999999997;-0.0015994065819691025;-0.0031883379751838914;-0.027847228410717406
1072;11.498301982879639;0.010820999999999997;-8.910763771121516e-05;-0.0031883379751838914;-0.020372265075044638
1073;11.509000301361084;0.011820999999999998;-0.0015994065819691025;-0.0031883379751838914;-0.014392294406505357
1074;11.519693374633789;0.013821;-8.910763771121516e-05;-0.0031883379751838914;-0.017382279740774997
1075;11.530391454696655;0.010820999999999997;-8.910763771121516e-05;-0.0031883379751838914;-0.02336225040931339
1076;11.541078329086304;0.010820999999999997;0.0014211913065466722;-0.007163821734764805;-0.02635223574358303
1077;11.55176830291748;0.010820999999999997;-8.910763771121516e-05;0.0007871457843970225;0.05288237561455489
1078;11.562465906143188;0.009820999999999996;-0.0015994065819691025;-0.0031883379751838914;-0.02336225040931339
1079;11.573154926300049;0.009820999999999996;-0.0015994065819691025;0.0007871457843970225;-0.02635223574358303
1080;11.583850383758545;0.011820999999999998;-8.910763771121516e-05;-0.0031883379751838914;-0.027847228410717406
1081;11.594542264938354;0.009820999999999996;-0.0015994065819691025;-0.0031883379751838914;-0.02635223574358303
1082;11.60533881187439;0.008820999999999996;-0.0015994065819691025;-0.0031883379751838914;-0.024857243076448654
1083;11.61603569984436;0.010820999999999997;-8.910763771121516e-05;-0.007163821734764805;-0.02635223574358303
1084;11.626775979995728;0.009820999999999996;-0.0015994065819691025;-0.0031883379751838914;-0.02635223574358303
1085;11.63746976852417;0.010820999999999997;0.0014211913065466722;-0.0031883379751838914;-0.02635223574358303
1086;11.648160934448242;0.009820999999999996;-8.910763771121516e-05;-0.0031883379751838914;-0.027847228410717406
1087;11.658852577209473;0.009820999999999996;-8.910763771121516e-05;-0.0031883379751838914;-0.030837213744987046
1088;11.669551134109497;0.009820999999999996;-0.0015994065819691025;0.0007871457843970225;-0.024857243076448654
1089;11.680245876312256;0.008820999999999996;-0.0015994065819691025;0.0007871457843970225;-0.027847228410717406
1090;11.690945863723755;0.009820999999999996;-8.910763771121516e-05;-0.007163821734764805;-0.024857243076448654
1091;11.701637506484985;0.010820999999999997;-8.910763771121516e-05;-0.0031883379751838914;-0.02635223574358303
1092;11.712327718734741;0.010820999999999997;-8.910763771121516e-05;-0.0031883379751838914;-0.02635223574358303
1093;11.723020792007446;0.009820999999999996;-0.0015994065819691025;-0.0031883379751838914;-0.02336225040931339
1094;11.733716249465942;0.009820999999999996;-8.910763771121516e-05;-0.0031883379751838914;-0.02635223574358303
1095;11.744415998458862;0.010820999999999997;-8.910763771121516e-05;-0.0031883379751838914;-0.021867257742179014
1096;11.755110263824463;0.010820999999999997;-8.910763771121516e-05;0.0007871457843970225;-0.02336225040931339
1097;11.765802145004272;0.009820999999999996;-0.0015994065819691025;-0.0031883379751838914;-0.02336225040931339
1098;11.776544332504272;0.009820999999999996;-8.910763771121516e-05;0.0007871457843970225;-0.021867257742179014
1099;11.787292242050171;0.009820999999999996;-8.910763771121516e-05;-0.0031883379751838914;-0.02635223574358303
1100;11.798034191131592;0.011820999999999998;-0.0015994065819691025;-0.007163821734764805;-0.02336225040931339
1101;11.808726787567139;0.012820999999999999;-8.910763771121516e-05;-0.007163821734764805;-0.02336225040931339
1102;11.81943416595459;0.009820999999999996;-0.0015994065819691025;-0.0031883379751838914;-0.02336225040931339
1103;11.830125093460083;0.009820999999999996;0.0014211913065466722;-0.007163821734764805;-0.024857243076448654
1104;11.840824127197266;0.009820999999999996;-8.910763771121516e-05;-0.007163821734764805;-0.02336225040931339
1105;11.851517915725708;0.009820999999999996;-8.910763771121516e-05;-0.0031883379751838914;-0.024857243076448654
1106;11.862210512161255;0.009820999999999996;-0.0015994065819691025;-0.0031883379751838914;-0.02336225040931339
1107;11.87290620803833;0.011820999999999998;-0.0015994065819691025;-0.0031883379751838914;-0.02336225040931339
1108;11.8836510181427;0.009820999999999996;-8.910763771121516e-05;-0.0031883379751838914;-0.02635223574358303
1109;11.89434552192688;0.009820999999999996;-8.910763771121516e-05;-0.007163821734764805;-0.02635223574358303
1110;11.905039548873901;0.009820999999999996;-8.910763771121516e-05;-0.0031883379751838914;-0.027847228410717406
1111;11.915737867355347;0.009820999999999996;0.0014211913065466722;-0.0031883379751838914;-0.02635223574358303
1112;11.926435232162476;0.010820999999999997;-0.0015994065819691025;-0.007163821734764805;-0.02934222107785267
1113;11.937127351760864;0.010820999999999997;-0.0015994065819691025;-0.0031883379751838914;-0.027847228410717406
1114;11.947840213775635;0.010820999999999997;-8.910763771121516e-05;-0.0031883379751838914;-0.024857243076448654
1115;11.95853877067566;0.009820999999999996;-8.910763771121516e-05;-0.0031883379751838914;-0.02934222107785267
1116;11.969228267669678;0.009820999999999996;-8.910763771121516e-05;0.0007871457843970225;-0.02336225040931339
1117;11.980022192001343;0.010820999999999997;-0.0015994065819691025;-0.0031883379751838914;-0.030837213744987046
1118;11.990720510482788;0.010820999999999997;-8.910763771121516e-05;-0.0031883379751838914;-0.02934222107785267
1119;12.001412391662598;0.009820999999999996;-8.910763771121516e-05;-0.0031883379751838914;-0.024857243076448654
1120;12.012110471725464;0.010820999999999997;-8.910763771121516e-05;0.0007871457843970225;-0.02934222107785267
1121;12.022842407226562;0.010820999999999997;-8.910763771121516e-05;-0.007163821734764805;-0.024857243076448654
1122;12.033542156219482;0.010820999999999997;-8.910763771121516e-05;-0.007163821734764805;-0.024857243076448654
1123;12.0442533493042;0.009820999999999996;-0.0015994065819691025;-0.0031883379751838914;-0.02336225040931339
1124;12.054954290390015;0.009820999999999996;-0.0015994065819691025;-0.0031883379751838914;-0.02635223574358303
1125;12.065650701522827;0.009820999999999996;-0.0015994065819691025;-0.007163821734764805;-0.02635223574358303
1126;12.076384544372559;0.010820999999999997;-0.0015994065819691025;-0.007163821734764805;-0.024857243076448654
1127;12.087080717086792;0.009820999999999996;-8.910763771121516e-05;-0.0031883379751838914;-0.024857243076448654
1128;12.097777605056763;0.010820999999999997;-0.0015994065819691025;-0.0031883379751838914;-0.024857243076448654
1129;12.108466386795044;0.009820999999999996;-8.910763771121516e-05;-0.0031883379751838914;-0.021867257742179014
1130;12.119157791137695;0.010820999999999997;-0.0015994065819691025;-0.0031883379751838914;-0.02635223574358303
1131;12.129906415939331;0.009820999999999996;-0.0015994065819691025;-0.007163821734764805;-0.024857243076448654
1132;12.140646934509277;0.011820999999999998;0.0014211913065466722;-0.0031883379751838914;-0.024857243076448654
1133;12.151342153549194;0.009820999999999996;-8.910763771121516e-05;-0.007163821734764805;-0.02635223574358303
1134;12.162089347839355;0.009820999999999996;0.0014211913065466722;-0.0031883379751838914;-0.024857243076448654
1135;12.172788619995117;0.008820999999999996;-8.910763771121516e-05;-0.0031883379751838914;-0.02635223574358303
1136;12.18348741531372;0.008820999999999996;-0.0015994065819691025;-0.0031883379751838914;-0.02635223574358303
1137;12.194185256958008;0.010820999999999997;-8.910763771121516e-05;-0.0031883379751838914;-0.024857243076448654
1138;12.204882383346558;0.009820999999999996;-0.0015994065819691025;-0.0031883379751838914;-0.027847228410717406
1139;12.21556830406189;0.010820999999999997;-8.910763771121516e-05;0.0007871457843970225;-0.02336225040931339
1140;12.226269245147705;0.010820999999999997;-8.910763771121516e-05;-0.007163821734764805;-0.02336225040931339
1141;12.236968517303467;0.010820999999999997;-8.910763771121516e-05;-0.0031883379751838914;-0.02635223574358303
1142;12.247671365737915;0.009820999999999996;-0.0015994065819691025;0.0007871457843970225;-0.02336225040931339
1143;12.258368730545044;0.010820999999999997;-0.0015994065819691025;0.0007871457843970225;-0.02635223574358303
1144;12.269067287445068;0.009820999999999996;-8.910763771121516e-05;-0.0031883379751838914;-0.027847228410717406
1145;12.279803276062012;0.010820999999999997;-0.0015994065819691025;-0.0031883379751838914;-0.024857243076448654
1146;12.290497064590454;0.010820999999999997;-8.910763771121516e-05;-0.007163821734764805;-0.027847228410717406
1147;12.301193952560425;0.010820999999999997;-8.910763771121516e-05;-0.0031883379751838914;-0.02336225040931339
1148;12.311888456344604;0.008820999999999996;-0.0015994065819691025;-0.0031883379751838914;-0.027847228410717406
1149;12.322631597518921;0.011820999999999998;-0.0015994065819691025;0.0007871457843970225;-0.027847228410717406
1150;12.33336877822876;0.009820999999999996;0.0014211913065466722;-0.0031883379751838914;-0.02635223574358303
1151;12.344072103500366;0.010820999999999997;-0.0015994065819691025;-0.0031883379751838914;-0.02934222107785267
1152;12.354770183563232;0.010820999999999997;0.0014211913065466722;-0.0031883379751838914;-0.024857243076448654
1153;12.365463256835938;0.011820999999999998;-8.910763771121516e-05;-0.0031883379751838914;-0.027847228410717406
1154;12.376163244247437;0.009820999999999996;-8.910763771121516e-05;-0.0031883379751838914;-0.02635223574358303
1155;12.386894226074219;0.011820999999999998;-8.910763771121516e-05;-0.0031883379751838914;-0.024857243076448654
1156;12.397587776184082;0.009820999999999996;0.0014211913065466722;-0.0031883379751838914;-0.024857243076448654
1157;12.408281326293945;0.010820999999999997;-0.0015994065819691025;-0.0031883379751838914;-0.02635223574358303
1158;12.418971300125122;0.010820999999999997;-0.0015994065819691025;-0.0031883379751838914;-0.02635223574358303
1159;12.429662227630615;0.009820999999999996;-8.910763771121516e-05;0.0007871457843970225;-0.024857243076448654
1160;12.440351963043213;0.010820999999999997;-8.910763771121516e-05;0.0007871457843970225;-0.02336225040931339
1161;12.451077938079834;0.010820999999999997;-0.0015994065819691025;-0.0031883379751838914;-0.02635223574358303
1162;12.46177339553833;0.010820999999999997;-8.910763771121516e-05;-0.0031883379751838914;-0.02336225040931339
1163;12.472461462020874;0.010820999999999997;0.0014211913065466722;-0.0031883379751838914;-0.024857243076448654
1164;12.483196496963501;0.009820999999999996;-8.910763771121516e-05;-0.0031883379751838914;-0.024857243076448654
1165;12.495270729064941;0.010820999999999997;-0.0015994065819691025;-0.0031883379751838914;-0.024857243076448654
1166;12.505960464477539;0.010820999999999997;-8.910763771121516e-05;-0.0031883379751838914;-0.02336225040931339
1167;12.516648054122925;0.008820999999999996;-8.910763771121516e-05;-0.0031883379751838914;-0.024857243076448654
1168;12.527348518371582;0.010820999999999997;-8.910763771121516e-05;-0.007163821734764805;-0.021867257742179014
1169;12.538083791732788;0.009820999999999996;-8.910763771121516e-05;-0.0031883379751838914;-0.02336225040931339
1170;12.548775434494019;0.010820999999999997;-0.0015994065819691025;-0.0031883379751838914;-0.024857243076448654
1171;12.559472560882568;0.009820999999999996;-0.0015994065819691025;-0.0031883379751838914;-0.024857243076448654
1172;12.57016372680664;0.009820999999999996;0.0014211913065466722;-0.0031883379751838914;-0.024857243076448654
1173;12.580896377563477;0.011820999999999998;-0.0015994065819691025;-0.0031883379751838914;-0.027847228410717406
1174;12.591591119766235;0.009820999999999996;-0.0015994065819691025;-0.0031883379751838914;-0.02635223574358303
1175;12.602279424667358;0.009820999999999996;-0.0015994065819691025;-0.0031883379751838914;-0.02635223574358303
1176;12.61296796798706;0.010820999999999997;-8.910763771121516e-05;-0.0031883379751838914;-0.02635223574358303
1177;12.623666048049927;0.010820999999999997;-0.0015994065819691025;-0.0031883379751838914;-0.024857243076448654
1178;12.634358644485474;0.009820999999999996;-8.910763771121516e-05;-0.0031883379751838914;-0.02635223574358303
1179;12.645058870315552;0.009820999999999996;-8.910763771121516e-05;-0.0031883379751838914;-0.02635223574358303
1180;12.6557457447052;0.010820999999999997;-8.910763771121516e-05;-0.0031883379751838914;-0.02635223574358303
1181;12.666435718536377;0.009820999999999996;-0.0015994065819691025;-0.0031883379751838914;-0.027847228410717406
1182;12.677122592926025;0.010820999999999997;-8.910763771121516e-05;-0.0031883379751838914;-0.02635223574358303
1183;12.687819957733154;0.009820999999999996;-0.0015994065819691025;0.0007871457843970225;-0.027847228410717406
1184;12.69851303100586;0.009820999999999996;-8.910763771121516e-05;0.0007871457843970225;-0.027847228410717406
1185;12.709221363067627;0.010820999999999997;-0.0015994065819691025;-0.007163821734764805;-0.024857243076448654
1186;12.719972372055054;0.011820999999999998;-0.0015994065819691025;-0.0031883379751838914;-0.02336225040931339
1187;12.730715990066528;0.007820999999999995;-8.910763771121516e-05;-0.0031883379751838914;-0.021867257742179014
1188;12.741414308547974;0.009820999999999996;-8.910763771121516e-05;-0.007163821734764805;-0.02336225040931339
1189;12.752113819122314;0.009820999999999996;0.0014211913065466722;0.0007871457843970225;-0.024857243076448654
1190;12.762802600860596;0.010820999999999997;-8.910763771121516e-05;-0.0031883379751838914;-0.02336225040931339
1191;12.773496866226196;0.010820999999999997;-8.910763771121516e-05;-0.0031883379751838914;-0.02635223574358303
1192;12.784232139587402;0.009820999999999996;0.0014211913065466722;-0.007163821734764805;-0.024857243076448654
1193;12.79492974281311;0.010820999999999997;-8.910763771121516e-05;0.0007871457843970225;-0.02336225040931339
1194;12.80562162399292;0.009820999999999996;-8.910763771121516e-05;-0.0031883379751838914;-0.02635223574358303
1195;12.816316366195679;0.009820999999999996;-0.00310970552622699;-0.0031883379751838914;-0.024857243076448654
1196;12.827011823654175;0.009820999999999996;-0.0015994065819691025;-0.007163821734764805;-0.02635223574358303
1197;12.837706804275513;0.010820999999999997;-0.0015994065819691025;-0.0031883379751838914;-0.02635223574358303
1198;12.848400592803955;0.009820999999999996;-0.0015994065819691025;-0.0031883379751838914;-0.024857243076448654
1199;12.859096765518188;0.010820999999999997;-8.910763771121516e-05;0.0007871457843970225;-0.024857243076448654
1200;12.869786024093628;0.010820999999999997;-0.0015994065819691025;-0.0031883379751838914;-0.024857243076448654
1201;12.88047480583191;0.009820999999999996;-0.0015994065819691025;-0.0031883379751838914;-0.02635223574358303
1202;12.891207218170166;0.010820999999999997;-0.0015994065819691025;-0.0031883379751838914;-0.024857243076448654
1203;12.901895761489868;0.010820999999999997;-8.910763771121516e-05;0.0007871457843970225;-0.02336225040931339
1204;12.91264820098877;0.008820999999999996;-0.0015994065819691025;-0.0031883379751838914;-0.027847228410717406
1205;12.923367977142334;0.010820999999999997;-8.910763771121516e-05;0.0007871457843970225;-0.024857243076448654
1206;12.934061527252197;0.008820999999999996;-8.910763771121516e-05;-0.0031883379751838914;-0.024857243076448654
1207;12.944762229919434;0.010820999999999997;-8.910763771121516e-05;-0.0031883379751838914;-0.02635223574358303
1208;12.955453395843506;0.009820999999999996;-8.910763771121516e-05;-0.0031883379751838914;-0.02336225040931339
1209;12.966151714324951;0.009820999999999996;0.0014211913065466722;-0.0031883379751838914;-0.02336225040931339
1210;12.97684359550476;0.009820999999999996;-0.0015994065819691025;-0.0031883379751838914;-0.024857243076448654
1211;12.987579584121704;0.009820999999999996;-8.910763771121516e-05;-0.0031883379751838914;-0.02635223574358303
1212;12.998278379440308;0.010820999999999997;0.0014211913065466722;-0.0031883379751838914;-0.024857243076448654
1213;13.008977890014648;0.009820999999999996;-8.910763771121516e-05;-0.0031883379751838914;-0.02336225040931339
1214;13.019673109054565;0.009820999999999996;-8.910763771121516e-05;-0.007163821734764805;-0.02635223574358303
1215;13.0303635597229;0.010820999999999997;-8.910763771121516e-05;-0.007163821734764805;-0.02336225040931339
1216;13.041057586669922;0.009820999999999996;-8.910763771121516e-05;-0.0031883379751838914;-0.02336225040931339
1217;13.051745653152466;0.009820999999999996;-0.0015994065819691025;-0.0031883379751838914;-0.024857243076448654
1218;13.06244707107544;0.010820999999999997;0.0014211913065466722;-0.007163821734764805;-0.02336225040931339
1219;13.07314944267273;0.008820999999999996;-8.910763771121516e-05;-0.0031883379751838914;-0.024857243076448654
1220;13.083878993988037;0.010820999999999997;-8.910763771121516e-05;-0.007163821734764805;-0.024857243076448654
1221;13.094624757766724;0.011820999999999998;-8.910763771121516e-05;-0.0031883379751838914;-0.02635223574358303
1222;13.10537338256836;0.010820999999999997;0.0014211913065466722;-0.007163821734764805;-0.02635223574358303
1223;13.11607313156128;0.009820999999999996;-0.00310970552622699;-0.007163821734764805;-0.024857243076448654
1224;13.126762390136719;0.012820999999999999;-8.910763771121516e-05;-0.0031883379751838914;-0.02635223574358303
1225;13.137454271316528;0.010820999999999997;-0.0015994065819691025;-0.011139305494345733;-0.02635223574358303
1226;13.148156642913818;0.009820999999999996;-0.0015994065819691025;-0.0031883379751838914;-0.024857243076448654
1227;13.15886402130127;0.010820999999999997;-0.0015994065819691025;-0.007163821734764805;-0.02635223574358303
1228;13.169569253921509;0.010820999999999997;-0.0015994065819691025;-0.0031883379751838914;-0.024857243076448654
1229;13.180269241333008;0.009820999999999996;-0.0015994065819691025;-0.007163821734764805;-0.024857243076448654
1230;13.191009521484375;0.008820999999999996;-8.910763771121516e-05;-0.0031883379751838914;-0.027847228410717406
1231;13.201698303222656;0.010820999999999997;-0.0015994065819691025;0.0007871457843970225;-0.024857243076448654
1232;13.212408065795898;0.008820999999999996;-0.0015994065819691025;-0.0031883379751838914;-0.02336225040931339
1233;13.223105907440186;0.010820999999999997;0.0014211913065466722;-0.0031883379751838914;-0.02635223574358303
1234;13.233806848526001;0.009820999999999996;0.0014211913065466722;-0.0031883379751838914;-0.02336225040931339
1235;13.244504451751709;0.010820999999999997;-0.0015994065819691025;-0.0031883379751838914;-0.024857243076448654
1236;13.255302429199219;0.010820999999999997;-8.910763771121516e-05;-0.0031883379751838914;-0.024857243076448654
1237;13.266001462936401;0.010820999999999997;-0.0015994065819691025;-0.0031883379751838914;-0.024857243076448654
1238;13.276691675186157;0.009820999999999996;-0.0015994065819691025;-0.0031883379751838914;-0.024857243076448654
1239;13.287393808364868;0.010820999999999997;-8.910763771121516e-05;-0.007163821734764805;-0.024857243076448654
1240;13.298088788986206;0.009820999999999996;-0.0015994065819691025;-0.007163821734764805;-0.02635223574358303
1241;13.30878210067749;0.009820999999999996;-8.910763771121516e-05;-0.011139305494345733;-0.024857243076448654
1242;13.319477319717407;0.009820999999999996;-8.910763771121516e-05;-0.0031883379751838914;-0.02635223574358303
1243;13.330168724060059;0.010820999999999997;-8.910763771121516e-05;-0.0031883379751838914;-0.02635223574358303
1244;13.340866088867188;0.010820999999999997;-8.910763771121516e-05;-0.0031883379751838914;-0.02635223574358303
1245;13.35155463218689;0.010820999999999997;-8.910763771121516e-05;0.0007871457843970225;-0.024857243076448654
1246;13.362236499786377;0.009820999999999996;-8.910763771121516e-05;-0.0031883379751838914;-0.024857243076448654
1247;13.372929334640503;0.010820999999999997;-8.910763771121516e-05;-0.0031883379751838914;-0.024857243076448654
1248;13.383612394332886;0.010820999999999997;-0.0015994065819691025;-0.0031883379751838914;-0.024857243076448654
1249;13.394347190856934;0.009820999999999996;-8.910763771121516e-05;0.0007871457843970225;-0.024857243076448654
1250;13.40503478050232;0.008820999999999996;-0.0015994065819691025;-0.0031883379751838914;-0.02336225040931339
1251;13.415727615356445;0.010820999999999997;-0.0015994065819691025;-0.0031883379751838914;-0.02336225040931339
1252;13.42641830444336;0.009820999999999996;-8.910763771121516e-05;-0.0031883379751838914;-0.027847228410717406
1253;13.437110424041748;0.010820999999999997;-8.910763771121516e-05;-0.0031883379751838914;-0.024857243076448654
1254;13.447797060012817;0.008820999999999996;-0.0015994065819691025;-0.0031883379751838914;-0.02336225040931339
1255;13.458479642868042;0.010820999999999997;-8.910763771121516e-05;-0.0031883379751838914;-0.024857243076448654
1256;13.469165563583374;0.010820999999999997;-8.910763771121516e-05;-0.007163821734764805;-0.021867257742179014
1257;13.47992205619812;0.010820999999999997;-0.0015994065819691025;-0.0031883379751838914;-0.02336225040931339
1258;13.490671157836914;0.009820999999999996;0.0014211913065466722;-0.0031883379751838914;-0.024857243076448654
1259;13.501358270645142;0.010820999999999997;-8.910763771121516e-05;-0.007163821734764805;-0.02635223574358303
1260;13.512090682983398;0.010820999999999997;-8.910763771121516e-05;-0.0031883379751838914;-0.02635223574358303
1261;13.524065017700195;0.009820999999999996;-8.910763771121516e-05;-0.007163821734764805;-0.02635223574358303
1262;13.534769773483276;0.010820999999999997;-8.910763771121516e-05;-0.007163821734764805;-0.027847228410717406
1263;13.54546070098877;0.009820999999999996;-0.0015994065819691025;-0.0031883379751838914;-0.024857243076448654
1264;13.556142807006836;0.009820999999999996;0.0014211913065466722;-0.0031883379751838914;-0.024857243076448654
1265;13.56683087348938;0.010820999999999997;-8.910763771121516e-05;-0.0031883379751838914;-0.02635223574358303
1266;13.577511310577393;0.011820999999999998;-0.0015994065819691025;-0.0031883379751838914;-0.024857243076448654
1267;13.588242769241333;0.011820999999999998;-0.0015994065819691025;-0.0031883379751838914;-0.027847228410717406
1268;13.598995685577393;0.010820999999999997;-0.0015994065819691025;-0.0031883379751838914;-0.02635223574358303
1269;13.609693765640259;0.009820999999999996;-0.0015994065819691025;-0.0031883379751838914;-0.024857243076448654
1270;13.620380163192749;0.009820999999999996;-0.0015994065819691025;-0.0031883379751838914;-0.024857243076448654
1271;13.63107967376709;0.010820999999999997;-0.0015994065819691025;-0.0031883379751838914;-0.02635223574358303
1272;13.641769409179688;0.010820999999999997;-0.0015994065819691025;0.0007871457843970225;-0.02336225040931339
1273;13.65245509147644;0.011820999999999998;-8.910763771121516e-05;-0.0031883379751838914;-0.024857243076448654
1274;13.663143157958984;0.010820999999999997;-8.910763771121516e-05;-0.0031883379751838914;-0.02635223574358303
1275;13.673829317092896;0.009820999999999996;-8.910763771121516e-05;-0.0031883379751838914;-0.021867257742179014
1276;13.684509992599487;0.009820999999999996;-8.910763771121516e-05;-0.0031883379751838914;-0.024857243076448654
1277;13.695315599441528;0.009820999999999996;-0.00310970552622699;-0.0031883379751838914;-0.024857243076448654
1278;13.706003665924072;0.009820999999999996;-8.910763771121516e-05;-0.007163821734764805;-0.024857243076448654
1279;13.716697931289673;0.011820999999999998;-0.0015994065819691025;-0.0031883379751838914;-0.02336225040931339
1280;13.727394342422485;0.009820999999999996;0.0014211913065466722;-0.0031883379751838914;-0.024857243076448654
1281;13.738083362579346;0.009820999999999996;-8.910763771121516e-05;-0.0031883379751838914;-0.02336225040931339
1282;13.748767852783203;0.010820999999999997;-0.0015994065819691025;0.0007871457843970225;-0.02336225040931339
1283;13.759464263916016;0.010820999999999997;-0.0015994065819691025;-0.0031883379751838914;-0.024857243076448654
1284;13.77017068862915;0.009820999999999996;-8.910763771121516e-05;-0.0031883379751838914;-0.02336225040931339
1285;13.780859470367432;0.009820999999999996;-8.910763771121516e-05;-0.0031883379751838914;-0.02635223574358303
1286;13.791541576385498;0.011820999999999998;-0.0015994065819691025;-0.0031883379751838914;-0.02635223574358303
1287;13.802234888076782;0.011820999999999998;-0.0015994065819691025;-0.0031883379751838914;-0.02635223574358303
1288;13.8129243850708;0.009820999999999996;-0.00310970552622699;-0.0031883379751838914;-0.024857243076448654
1289;13.823609590530396;0.010820999999999997;-8.910763771121516e-05;-0.0031883379751838914;-0.024857243076448654
1290;13.834296941757202;0.009820999999999996;-0.00310970552622699;0.0007871457843970225;-0.024857243076448654
1291;13.844991445541382;0.009820999999999996;-0.0015994065819691025;-0.0031883379751838914;-0.02635223574358303
1292;13.855684041976929;0.010820999999999997;-0.0015994065819691025;0.0007871457843970225;-0.02635223574358303
1293;13.866368770599365;0.010820999999999997;-8.910763771121516e-05;-0.0031883379751838914;-0.027847228410717406
1294;13.877057313919067;0.010820999999999997;-0.0015994065819691025;-0.0031883379751838914;-0.02635223574358303
1295;13.887744188308716;0.010820999999999997;-8.910763771121516e-05;0.0007871457843970225;-0.02635223574358303
1296;13.898478984832764;0.010820999999999997;-0.0015994065819691025;-0.0031883379751838914;-0.02635223574358303
1297;13.909167051315308;0.010820999999999997;-0.0015994065819691025;-0.0031883379751838914;-0.02635223574358303
1298;13.919910430908203;0.009820999999999996;-8.910763771121516e-05;-0.0031883379751838914;-0.021867257742179014
1299;13.930649757385254;0.009820999999999996;-0.0015994065819691025;-0.0031883379751838914;-0.02635223574358303
1300;13.94133973121643;0.009820999999999996;0.0014211913065466722;-0.0031883379751838914;-0.02336225040931339
1301;13.952027320861816;0.008820999999999996;-8.910763771121516e-05;-0.0031883379751838914;-0.024857243076448654
1302;13.962719678878784;0.010820999999999997;0.0014211913065466722;-0.0031883379751838914;-0.02336225040931339
1303;13.97341799736023;0.009820999999999996;-8.910763771121516e-05;-0.007163821734764805;-0.021867257742179014
1304;13.984106540679932;0.009820999999999996;-8.910763771121516e-05;-0.0031883379751838914;-0.024857243076448654
1305;13.994804859161377;0.009820999999999996;-0.0015994065819691025;-0.0031883379751838914;-0.024857243076448654
1306;14.005491018295288;0.010820999999999997;-8.910763771121516e-05;-0.0031883379751838914;-0.024857243076448654
1307;14.016175985336304;0.008820999999999996;-0.0015994065819691025;0.0007871457843970225;-0.024857243076448654
1308;14.026867628097534;0.009820999999999996;0.0014211913065466722;-0.0031883379751838914;-0.02336225040931339
1309;14.03755807876587;0.010820999999999997;-8.910763771121516e-05;-0.0031883379751838914;-0.024857243076448654
1310;14.048254251480103;0.009820999999999996;-8.910763771121516e-05;-0.0031883379751838914;-0.024857243076448654
1311;14.058934926986694;0.010820999999999997;-8.910763771121516e-05;0.0007871457843970225;-0.02336225040931339
1312;14.069632053375244;0.009820999999999996;-8.910763771121516e-05;-0.0031883379751838914;-0.024857243076448654
1313;14.08031940460205;0.010820999999999997;-0.0015994065819691025;-0.0031883379751838914;-0.02336225040931339
1314;14.091009616851807;0.009820999999999996;-8.910763771121516e-05;-0.0031883379751838914;-0.02336225040931339
1315;14.101705074310303;0.009820999999999996;-0.0015994065819691025;-0.007163821734764805;-0.02635223574358303
1316;14.11239242553711;0.009820999999999996;-8.910763771121516e-05;0.0007871457843970225;-0.02635223574358303
1317;14.12308120727539;0.010820999999999997;-0.0015994065819691025;-0.007163821734764805;-0.024857243076448654
1318;14.133770942687988;0.011820999999999998;-0.0015994065819691025;-0.0031883379751838914;-0.024857243076448654
1319;14.144454717636108;0.010820999999999997;-0.0015994065819691025;-0.0031883379751838914;-0.024857243076448654
1320;14.155229568481445;0.010820999999999997;-8.910763771121516e-05;0.0007871457843970225;-0.02336225040931339
1321;14.165916681289673;0.010820999999999997;-0.0015994065819691025;-0.0031883379751838914;-0.024857243076448654
1322;14.176603317260742;0.009820999999999996;-0.0015994065819691025;-0.0031883379751838914;-0.02635223574358303
1323;14.187339067459106;0.009820999999999996;-8.910763771121516e-05;0.0007871457843970225;-0.02336225040931339
1324;14.198078632354736;0.010820999999999997;-0.0015994065819691025;0.0007871457843970225;-0.027847228410717406
1325;14.208761930465698;0.008820999999999996;-0.00310970552622699;-0.0031883379751838914;-0.02635223574358303
1326;14.219450950622559;0.010820999999999997;-0.0015994065819691025;-0.0031883379751838914;-0.02635223574358303
1327;14.230142593383789;0.009820999999999996;0.0014211913065466722;-0.0031883379751838914;-0.027847228410717406
1328;14.240836381912231;0.010820999999999997;0.0014211913065466722;-0.0031883379751838914;-0.02635223574358303
1329;14.251522064208984;0.010820999999999997;-0.0015994065819691025;-0.0031883379751838914;-0.02635223574358303
1330;14.262216329574585;0.010820999999999997;-8.910763771121516e-05;-0.0031883379751838914;-0.027847228410717406
1331;14.272911310195923;0.009820999999999996;-0.0015994065819691025;-0.0031883379751838914;-0.027847228410717406
1332;14.283598899841309;0.010820999999999997;-0.0015994065819691025;-0.0031883379751838914;-0.02635223574358303
1333;14.294373750686646;0.009820999999999996;-8.910763771121516e-05;0.0007871457843970225;-0.027847228410717406
1334;14.305064916610718;0.010820999999999997;-0.0015994065819691025;-0.0031883379751838914;-0.02635223574358303
1335;14.31575059890747;0.009820999999999996;-8.910763771121516e-05;-0.007163821734764805;-0.024857243076448654
1336;14.326436281204224;0.009820999999999996;-0.0015994065819691025;-0.0031883379751838914;-0.027847228410717406
1337;14.337124824523926;0.010820999999999997;-0.0015994065819691025;0.0007871457843970225;-0.02336225040931339
1338;14.347807884216309;0.009820999999999996;-0.0015994065819691025;-0.0031883379751838914;-0.02635223574358303
1339;14.358491659164429;0.009820999999999996;-8.910763771121516e-05;0.0007871457843970225;-0.02336225040931339
1340;14.369180679321289;0.009820999999999996;-0.00310970552622699;-0.007163821734764805;-0.02635223574358303
1341;14.37992787361145;0.010820999999999997;-8.910763771121516e-05;0.0007871457843970225;-0.024857243076448654
1342;14.390660524368286;0.009820999999999996;-8.910763771121516e-05;-0.0031883379751838914;-0.021867257742179014
1343;14.401345252990723;0.008820999999999996;0.0014211913065466722;-0.0031883379751838914;-0.024857243076448654
1344;14.412075757980347;0.009820999999999996;0.0014211913065466722;-0.0031883379751838914;-0.021867257742179014
1345;14.422759056091309;0.009820999999999996;-0.0015994065819691025;0.0007871457843970225;-0.021867257742179014
1346;14.433444738388062;0.009820999999999996;-8.910763771121516e-05;-0.0031883379751838914;-0.024857243076448654
1347;14.444129705429077;0.010820999999999997;-0.0015994065819691025;0.0007871457843970225;-0.02635223574358303
1348;14.454826354980469;0.010820999999999997;-0.0015994065819691025;-0.0031883379751838914;-0.02635223574358303
1349;14.46551513671875;0.009820999999999996;-0.0015994065819691025;-0.0031883379751838914;-0.02336225040931339
1350;14.47620153427124;0.010820999999999997;-8.910763771121516e-05;-0.0031883379751838914;-0.024857243076448654
1351;14.486888408660889;0.011820999999999998;0.0014211913065466722;-0.007163821734764805;-0.024857243076448654
1352;14.497612714767456;0.010820999999999997;-0.0015994065819691025;-0.0031883379751838914;-0.02635223574358303
1353;14.508347034454346;0.009820999999999996;-8.910763771121516e-05;-0.007163821734764805;-0.027847228410717406
1354;14.519039630889893;0.009820999999999996;-8.910763771121516e-05;-0.007163821734764805;-0.02635223574358303
1355;14.529726505279541;0.010820999999999997;-0.0015994065819691025;-0.0031883379751838914;-0.027847228410717406
1356;14.540418863296509;0.009820999999999996;-8.910763771121516e-05;-0.007163821734764805;-0.027847228410717406
1357;14.55110216140747;0.010820999999999997;-0.0015994065819691025;-0.0031883379751838914;-0.027847228410717406
1358;14.563102960586548;0.009820999999999996;-8.910763771121516e-05;-0.0031883379751838914;-0.02934222107785267
1359;14.573790073394775;0.009820999999999996;0.0014211913065466722;-0.0031883379751838914;-0.024857243076448654
1360;14.584474802017212;0.010820999999999997;-8.910763771121516e-05;-0.0031883379751838914;-0.02635223574358303
1361;14.595300436019897;0.010820999999999997;-0.0015994065819691025;-0.0031883379751838914;-0.02635223574358303
1362;14.60598635673523;0.009820999999999996;-0.0015994065819691025;-0.0031883379751838914;-0.021867257742179014
1363;14.61666488647461;0.009820999999999996;-0.0015994065819691025;-0.007163821734764805;-0.02336225040931339
1364;14.627345323562622;0.010820999999999997;-0.0015994065819691025;-0.0031883379751838914;-0.02336225040931339
1365;14.638075828552246;0.010820999999999997;-8.910763771121516e-05;-0.0031883379751838914;-0.02635223574358303
1366;14.648752212524414;0.009820999999999996;0.0014211913065466722;-0.0031883379751838914;-0.02635223574358303
1367;14.659440279006958;0.009820999999999996;-0.0015994065819691025;-0.0031883379751838914;-0.02635223574358303
1368;14.67012333869934;0.010820999999999997;-0.0015994065819691025;-0.0031883379751838914;-0.02336225040931339
1369;14.680815935134888;0.009820999999999996;-8.910763771121516e-05;0.0007871457843970225;-0.020372265075044638
1370;14.69150686264038;0.009820999999999996;-8.910763771121516e-05;-0.0031883379751838914;-0.02336225040931339
1371;14.702237606048584;0.007820999999999995;-0.0015994065819691025;-0.0031883379751838914;-0.024857243076448654
1372;14.712925672531128;0.010820999999999997;-0.0015994065819691025;-0.0031883379751838914;-0.02635223574358303
1373;14.723608255386353;0.009820999999999996;-0.0015994065819691025;0.0007871457843970225;-0.02336225040931339
1374;14.734286308288574;0.011820999999999998;-0.0015994065819691025;-0.0031883379751838914;-0.02336225040931339
1375;14.744976282119751;0.009820999999999996;-8.910763771121516e-05;-0.0031883379751838914;-0.024857243076448654
1376;14.755653619766235;0.009820999999999996;-8.910763771121516e-05;-0.0031883379751838914;-0.02336225040931339
1377;14.766339540481567;0.008820999999999996;-0.0015994065819691025;-0.0031883379751838914;-0.02934222107785267
1378;14.777027130126953;0.009820999999999996;-8.910763771121516e-05;-0.0031883379751838914;-0.02635223574358303
1379;14.787715911865234;0.010820999999999997;-0.0015994065819691025;-0.007163821734764805;-0.027847228410717406
1380;14.798405408859253;0.010820999999999997;-8.910763771121516e-05;-0.0031883379751838914;-0.02336225040931339
1381;14.80909776687622;0.009820999999999996;-8.910763771121516e-05;-0.0031883379751838914;-0.02635223574358303
1382;14.819779396057129;0.010820999999999997;-0.0015994065819691025;-0.007163821734764805;-0.027847228410717406
1383;14.830465078353882;0.009820999999999996;-8.910763771121516e-05;-0.007163821734764805;-0.02934222107785267
1384;14.84114670753479;0.009820999999999996;-8.910763771121516e-05;-0.0031883379751838914;-0.024857243076448654
1385;14.851833581924438;0.009820999999999996;-8.910763771121516e-05;-0.0031883379751838914;-0.02635223574358303
1386;14.862577438354492;0.009820999999999996;-0.0015994065819691025;-0.0031883379751838914;-0.02635223574358303
1387;14.873313903808594;0.009820999999999996;-8.910763771121516e-05;-0.007163821734764805;-0.024857243076448654
1388;14.884767770767212;0.009820999999999996;0.0014211913065466722;-0.0031883379751838914;-0.027847228410717406
1389;14.89545726776123;0.009820999999999996;-0.0015994065819691025;0.0007871457843970225;-0.02336225040931339
1390;14.9061279296875;0.009820999999999996;-0.0015994065819691025;-0.0031883379751838914;-0.02635223574358303
1391;14.916810035705566;0.009820999999999996;-0.0015994065819691025;-0.0031883379751838914;-0.024857243076448654
1392;14.927551746368408;0.009820999999999996;-8.910763771121516e-05;-0.007163821734764805;-0.027847228410717406
1393;14.938286781311035;0.010820999999999997;-0.0015994065819691025;-0.007163821734764805;-0.024857243076448654
1394;14.949013710021973;0.010820999999999997;-0.0015994065819691025;-0.0031883379751838914;-0.02336225040931339
1395;14.95973515510559;0.010820999999999997;-8.910763771121516e-05;0.0007871457843970225;-0.02336225040931339
1396;14.970460414886475;0.009820999999999996;-0.0015994065819691025;-0.0031883379751838914;-0.024857243076448654
1397;14.981189012527466;0.009820999999999996;-0.0015994065819691025;-0.0031883379751838914;-0.02336225040931339
1398;14.99191427230835;0.009820999999999996;-0.0015994065819691025;-0.007163821734764805;-0.02635223574358303
1399;15.002707481384277;0.009820999999999996;-8.910763771121516e-05;0.0007871457843970225;-0.024857243076448654
1400;15.013436317443848;0.010820999999999997;-8.910763771121516e-05;0.0007871457843970225;-0.02336225040931339
1401;15.024155139923096;0.009820999999999996;-0.0015994065819691025;-0.0031883379751838914;-0.024857243076448654
1402;15.034881830215454;0.010820999999999997;-0.0015994065819691025;-0.007163821734764805;-0.020372265075044638
1403;15.045620918273926;0.009820999999999996;-8.910763771121516e-05;-0.0031883379751838914;-0.02635223574358303
1404;15.05634069442749;0.009820999999999996;-0.0015994065819691025;-0.0031883379751838914;-0.02635223574358303
1405;15.067065477371216;0.009820999999999996;-8.910763771121516e-05;-0.007163821734764805;-0.02336225040931339
1406;15.077788591384888;0.009820999999999996;-0.0015994065819691025;-0.0031883379751838914;-0.027847228410717406
1407;15.088516473770142;0.008820999999999996;0.0014211913065466722;-0.0031883379751838914;-0.024857243076448654
1408;15.099239110946655;0.010820999999999997;-8.910763771121516e-05;0.0007871457843970225;-0.027847228410717406
1409;15.110056161880493;0.008820999999999996;-0.0015994065819691025;-0.0031883379751838914;-0.024857243076448654
1410;15.120784282684326;0.009820999999999996;-8.910763771121516e-05;0.0007871457843970225;-0.02336225040931339
1411;15.131505012512207;0.009820999999999996;-8.910763771121516e-05;-0.0031883379751838914;-0.027847228410717406
1412;15.142189264297485;0.008820999999999996;-8.910763771121516e-05;-0.0031883379751838914;-0.02336225040931339
1413;15.15290880203247;0.010820999999999997;-8.910763771121516e-05;-0.007163821734764805;-0.02635223574358303
1414;15.163628816604614;0.010820999999999997;0.0014211913065466722;-0.0031883379751838914;-0.027847228410717406
1415;15.174349069595337;0.008820999999999996;-8.910763771121516e-05;0.0007871457843970225;-0.02336225040931339
1416;15.185072422027588;0.009820999999999996;-0.0015994065819691025;-0.0031883379751838914;-0.02336225040931339
1417;15.195788621902466;0.010820999999999997;-0.0015994065819691025;0.0007871457843970225;-0.02635223574358303
1418;15.206555128097534;0.010820999999999997;-8.910763771121516e-05;-0.007163821734764805;-0.02635223574358303
1419;15.217327117919922;0.010820999999999997;-8.910763771121516e-05;-0.0031883379751838914;-0.024857243076448654
1420;15.228084087371826;0.009820999999999996;0.0014211913065466722;-0.007163821734764805;-0.02336225040931339
1421;15.238807678222656;0.009820999999999996;-8.910763771121516e-05;-0.0031883379751838914;-0.02336225040931339
1422;15.24953031539917;0.009820999999999996;-0.0015994065819691025;-0.0031883379751838914;-0.02336225040931339
1423;15.260256290435791;0.009820999999999996;-8.910763771121516e-05;-0.0031883379751838914;-0.02635223574358303
1424;15.270981550216675;0.009820999999999996;-0.0015994065819691025;-0.007163821734764805;-0.02635223574358303
1425;15.281708478927612;0.009820999999999996;-8.910763771121516e-05;-0.0031883379751838914;-0.021867257742179014
1426;15.292424440383911;0.007820999999999995;-0.0015994065819691025;0.0007871457843970225;-0.024857243076448654
1427;15.303190231323242;0.009820999999999996;-0.0015994065819691025;-0.0031883379751838914;-0.02336225040931339
1428;15.313922882080078;0.008820999999999996;-8.910763771121516e-05;-0.007163821734764805;-0.024857243076448654
1429;15.324692726135254;0.009820999999999996;-0.0015994065819691025;-0.0031883379751838914;-0.027847228410717406
1430;15.335423231124878;0.009820999999999996;-0.0015994065819691025;-0.0031883379751838914;-0.02336225040931339
1431;15.346148014068604;0.009820999999999996;0.0014211913065466722;0.0007871457843970225;-0.024857243076448654
1432;15.356877088546753;0.009820999999999996;-0.0015994065819691025;-0.0031883379751838914;-0.024857243076448654
1433;15.367624759674072;0.009820999999999996;-8.910763771121516e-05;-0.007163821734764805;-0.024857243076448654
1434;15.378351211547852;0.010820999999999997;-0.0015994065819691025;0.0007871457843970225;-0.027847228410717406
1435;15.389083623886108;0.009820999999999996;-0.0015994065819691025;-0.0031883379751838914;-0.02336225040931339
1436;15.399805068969727;0.009820999999999996;-8.910763771121516e-05;-0.007163821734764805;-0.027847228410717406
1437;15.410635471343994;0.009820999999999996;-8.910763771121516e-05;-0.007163821734764805;-0.02635223574358303
1438;15.421355724334717;0.008820999999999996;-8.910763771121516e-05;-0.0031883379751838914;-0.027847228410717406
1439;15.432114839553833;0.008820999999999996;-8.910763771121516e-05;-0.0031883379751838914;-0.027847228410717406
1440;15.442836284637451;0.009820999999999996;-8.910763771121516e-05;-0.0031883379751838914;-0.024857243076448654
1441;15.45355224609375;0.010820999999999997;-0.00310970552622699;-0.007163821734764805;-0.024857243076448654
1442;15.464272499084473;0.008820999999999996;-8.910763771121516e-05;-0.007163821734764805;-0.024857243076448654
1443;15.474995613098145;0.009820999999999996;-0.0015994065819691025;-0.007163821734764805;-0.024857243076448654
1444;15.485727787017822;0.010820999999999997;-0.0015994065819691025;-0.0031883379751838914;-0.02635223574358303
1445;15.496443510055542;0.009820999999999996;-0.0015994065819691025;-0.0031883379751838914;-0.021867257742179014
1446;15.507249116897583;0.009820999999999996;-8.910763771121516e-05;-0.007163821734764805;-0.02336225040931339
1447;15.518024682998657;0.009820999999999996;-8.910763771121516e-05;-0.007163821734764805;-0.02635223574358303
1448;15.528750658035278;0.009820999999999996;-8.910763771121516e-05;0.0007871457843970225;-0.02336225040931339
1449;15.53947639465332;0.008820999999999996;-0.0015994065819691025;-0.0031883379751838914;-0.024857243076448654
1450;15.550200939178467;0.010820999999999997;-8.910763771121516e-05;-0.0031883379751838914;-0.024857243076448654
1451;15.560952425003052;0.009820999999999996;-8.910763771121516e-05;-0.0031883379751838914;-0.024857243076448654
1452;15.571674823760986;0.010820999999999997;-8.910763771121516e-05;-0.0031883379751838914;-0.024857243076448654
1453;15.582398176193237;0.010820999999999997;-0.0015994065819691025;-0.0031883379751838914;-0.02336225040931339
1454;15.59444785118103;0.010820999999999997;-8.910763771121516e-05;-0.0031883379751838914;-0.024857243076448654
1455;15.605355978012085;0.009820999999999996;-8.910763771121516e-05;-0.0031883379751838914;-0.024857243076448654
1456;15.616073846817017;0.009820999999999996;-8.910763771121516e-05;-0.0031883379751838914;-0.021867257742179014
1457;15.626864194869995;0.009820999999999996;-8.910763771121516e-05;-0.0031883379751838914;-0.02635223574358303
1458;15.637593746185303;0.010820999999999997;0.0029314902508045595;-0.0031883379751838914;-0.02336225040931339
1459;15.648312330245972;0.009820999999999996;-8.910763771121516e-05;-0.0031883379751838914;-0.02635223574358303
1460;15.659031867980957;0.010820999999999997;0.0014211913065466722;-0.0031883379751838914;-0.02635223574358303
1461;15.669755220413208;0.010820999999999997;0.0014211913065466722;-0.0031883379751838914;-0.02336225040931339
1462;15.680469512939453;0.011820999999999998;-0.0015994065819691025;-0.007163821734764805;-0.02635223574358303
1463;15.691184759140015;0.010820999999999997;0.0014211913065466722;-0.0031883379751838914;-0.02635223574358303
1464;15.70193862915039;0.009820999999999996;-8.910763771121516e-05;-0.0031883379751838914;-0.027847228410717406
1465;15.712720394134521;0.008820999999999996;-8.910763771121516e-05;-0.0031883379751838914;-0.027847228410717406
1466;15.723445177078247;0.009820999999999996;-8.910763771121516e-05;-0.0031883379751838914;-0.024857243076448654
1467;15.73417615890503;0.008820999999999996;-8.910763771121516e-05;-0.0031883379751838914;-0.027847228410717406
1468;15.744898080825806;0.010820999999999997;0.0014211913065466722;-0.0031883379751838914;-0.027847228410717406
1469;15.755613565444946;0.009820999999999996;-0.0015994065819691025;0.0007871457843970225;-0.024857243076448654
1470;15.766338586807251;0.010820999999999997;-8.910763771121516e-05;-0.007163821734764805;-0.02635223574358303
1471;15.777057647705078;0.009820999999999996;0.0014211913065466722;-0.0031883379751838914;-0.02336225040931339
1472;15.787776708602905;0.009820999999999996;-8.910763771121516e-05;-0.007163821734764805;-0.02635223574358303
1473;15.798497676849365;0.010820999999999997;0.0014211913065466722;0.0007871457843970225;-0.021867257742179014
1474;15.809269666671753;0.010820999999999997;-8.910763771121516e-05;0.0007871457843970225;-0.021867257742179014
1475;15.82003378868103;-0.0021790000000000004;-8.910763771121516e-05;-0.007163821734764805;0.015507558936187493
1476;15.830768585205078;-0.04517900000000001;-8.910763771121516e-05;0.0007871457843970225;0.09623716296146068
1477;15.841494798660278;-0.05117900000000001;-0.0015994065819691025;-0.0031883379751838914;0.10969209696567273
1478;15.852218627929688;-0.04217900000000001;-8.910763771121516e-05;0.0007871457843970225;0.1111870896328071
1479;15.862937450408936;-0.03617900000000001;0.0014211913065466722;0.0007871457843970225;0.11417707496707674
1480;15.873657941818237;-0.031179000000000005;-8.910763771121516e-05;-0.0031883379751838914;0.11417707496707674
1481;15.88438367843628;-0.025179000000000007;-0.0015994065819691025;0.0007871457843970225;0.11866205296848076
1482;15.895111322402954;-0.021179000000000003;-8.910763771121516e-05;0.0007871457843970225;0.1171670603013455
1483;15.905881881713867;-0.014179000000000011;-0.0015994065819691025;-0.0031883379751838914;0.11567206763421112
1484;15.916610956192017;-0.010179000000000007;-8.910763771121516e-05;-0.0031883379751838914;0.11866205296848076
1485;15.927387714385986;-0.006179000000000004;-0.0015994065819691025;-0.0031883379751838914;0.1171670603013455
1486;15.938107013702393;-0.0031790000000000013;-8.910763771121516e-05;-0.0031883379751838914;0.12015704563561513
1487;15.948843002319336;-0.0011790000000000134;-8.910763771121516e-05;0.0007871457843970225;0.12015704563561513
1488;15.959571599960327;0.0008209999999999884;0.0014211913065466722;0.0007871457843970225;0.1171670603013455
1489;15.970289945602417;0.00282099999999999;-8.910763771121516e-05;0.0007871457843970225;0.11567206763421112
1490;15.981006860733032;0.005820999999999993;-0.0015994065819691025;0.0007871457843970225;0.11567206763421112
1491;15.991730213165283;0.007820999999999995;-8.910763771121516e-05;-0.0031883379751838914;0.11417707496707674
1492;16.002445936203003;0.008820999999999996;-0.0015994065819691025;-0.0031883379751838914;0.1111870896328071
1493;16.013214826583862;0.010820999999999997;-8.910763771121516e-05;0.0007871457843970225;0.11268208229994148
1494;16.02393651008606;0.012820999999999999;-0.0015994065819691025;-0.007163821734764805;0.10969209696567273
1495;16.034706592559814;0.014821;-0.0015994065819691025;-0.007163821734764805;0.1111870896328071
1496;16.045432329177856;0.013821;-0.0015994065819691025;-0.0031883379751838914;0.10969209696567273
1497;16.056156396865845;0.015820999999999988;-8.910763771121516e-05;-0.0031883379751838914;0.10969209696567273
1498;16.066890239715576;0.013821;-0.0015994065819691025;-0.007163821734764805;0.1111870896328071
1499;16.0776104927063;0.015820999999999988;-8.910763771121516e-05;0.0007871457843970225;0.1111870896328071
1500;16.088334798812866;0.015820999999999988;-8.910763771121516e-05;-0.0031883379751838914;0.11268208229994148
1501;16.09905982017517;0.015820999999999988;-0.0015994065819691025;-0.0031883379751838914;0.11268208229994148
1502;16.10984468460083;0.013821;-0.0015994065819691025;-0.0031883379751838914;0.11567206763421112
1503;16.120620012283325;0.014821;-8.910763771121516e-05;0.0007871457843970225;0.1171670603013455
1504;16.131349563598633;0.012820999999999999;-8.910763771121516e-05;-0.0031883379751838914;0.12165203830274951
1505;16.142117261886597;0.012820999999999999;-8.910763771121516e-05;-0.0031883379751838914;0.12314703096988477
1506;16.152862787246704;0.012820999999999999;-0.0015994065819691025;0.0007871457843970225;0.1276320089712888
1507;16.16359043121338;0.012820999999999999;-0.00310970552622699;-0.007163821734764805;0.12613701630415353
1508;16.174320459365845;0.010820999999999997;-0.00310970552622699;-0.0031883379751838914;0.12613701630415353
1509;16.185041904449463;0.011820999999999998;-0.0015994065819691025;-0.0031883379751838914;0.1276320089712888
1510;16.19576859474182;0.010820999999999997;-0.0015994065819691025;-0.0031883379751838914;0.1321169869726928
1511;16.206485748291016;0.009820999999999996;-8.910763771121516e-05;-0.0031883379751838914;0.13361197963982718
1512;16.217304706573486;0.007820999999999995;-8.910763771121516e-05;-0.007163821734764805;0.13062199430555754
1513;16.228062868118286;0.006820999999999994;-8.910763771121516e-05;-0.0031883379751838914;0.13361197963982718
1514;16.238788843154907;0.005820999999999993;-8.910763771121516e-05;-0.0031883379751838914;0.13660196497409682
1515;16.249516487121582;0.005820999999999993;0.0014211913065466722;-0.0031883379751838914;0.13660196497409682
1516;16.260239362716675;0.004820999999999992;-8.910763771121516e-05;-0.0031883379751838914;0.13660196497409682
1517;16.270963430404663;-0.00017900000000001248;0.0014211913065466722;-0.0031883379751838914;0.13959195030836558
1518;16.281696319580078;-0.0031790000000000013;-0.0015994065819691025;-0.0031883379751838914;0.14108694297550084
1519;16.292421340942383;-0.0031790000000000013;-8.910763771121516e-05;-0.0031883379751838914;0.1440769283097696
1520;16.30314612388611;-0.006179000000000004;-0.0015994065819691025;-0.0031883379751838914;0.14557192097690486
1521;16.313912391662598;-0.009179000000000007;-8.910763771121516e-05;0.0047626295439779365;0.14557192097690486
1522;16.32470202445984;-0.010179000000000007;-8.910763771121516e-05;0.0007871457843970225;0.1485619063111736
1523;16.335437536239624;-0.011179000000000008;-0.0015994065819691025;-0.0031883379751838914;0.15155189164544325
1524;16.346168518066406;-0.010179000000000007;0.0014211913065466722;-0.007163821734764805;0.15005689897830887
1525;16.356897592544556;-0.011179000000000008;-8.910763771121516e-05;-0.0031883379751838914;0.15304688431257762
1526;16.367624759674072;-0.01317900000000001;-8.910763771121516e-05;0.0007871457843970225;0.1545418769797129
1527;16.378350496292114;-0.011179000000000008;0.0014211913065466722;0.0007871457843970225;0.15155189164544325
1528;16.389090299606323;-0.01217900000000001;0.0014211913065466722;-0.0031883379751838914;0.1545418769797129
1529;16.39981484413147;-0.011179000000000008;0.0014211913065466722;-0.007163821734764805;0.15603686964684726
1530;16.410621881484985;-0.008179000000000006;-8.910763771121516e-05;-0.0031883379751838914;0.15603686964684726
1531;16.42134737968445;-0.008179000000000006;-8.910763771121516e-05;-0.0031883379751838914;0.15753186231398164
1532;16.432108163833618;-0.006179000000000004;-8.910763771121516e-05;-0.0031883379751838914;0.15603686964684726
1533;16.442826986312866;-0.004179000000000002;-0.0015994065819691025;-0.0031883379751838914;0.15753186231398164
1534;16.453552722930908;-0.0021790000000000004;0.0014211913065466722;-0.0031883379751838914;0.1590268549811169
1535;16.464271783828735;-0.00017900000000001248;-8.910763771121516e-05;-0.0031883379751838914;0.15753186231398164
1536;16.474997997283936;-0.00017900000000001248;-0.0015994065819691025;-0.0031883379751838914;0.1590268549811169
1537;16.485724210739136;0.00282099999999999;-0.0015994065819691025;-0.0031883379751838914;0.15753186231398164
1538;16.49644899368286;0.005820999999999993;-8.910763771121516e-05;0.0007871457843970225;0.15753186231398164
1539;16.507222652435303;0.005820999999999993;0.0014211913065466722;-0.0031883379751838914;0.15753186231398164
1540;16.51803493499756;0.007820999999999995;0.0014211913065466722;-0.0031883379751838914;0.15753186231398164
1541;16.52876043319702;0.009820999999999996;-0.0015994065819691025;0.0007871457843970225;0.15753186231398164
1542;16.53948450088501;0.011820999999999998;-8.910763771121516e-05;-0.007163821734764805;0.1545418769797129
1543;16.550205945968628;0.013821;-8.910763771121516e-05;-0.0031883379751838914;0.15753186231398164
1544;16.560922145843506;0.015820999999999988;-0.00310970552622699;-0.007163821734764805;0.15603686964684726
1545;16.571654319763184;0.01882099999999999;0.0014211913065466722;-0.0031883379751838914;0.15753186231398164
1546;16.582409381866455;0.01982099999999999;-0.0015994065819691025;0.0007871457843970225;0.1545418769797129
1547;16.593137979507446;0.022820999999999994;-8.910763771121516e-05;-0.007163821734764805;0.1545418769797129
1548;16.603864908218384;0.024820999999999996;-8.910763771121516e-05;-0.0031883379751838914;0.1545418769797129
1549;16.614684343338013;0.026820999999999998;-8.910763771121516e-05;-0.0031883379751838914;0.15155189164544325
1550;16.62541151046753;0.028821;0.0014211913065466722;0.0007871457843970225;0.15155189164544325
1551;16.63747549057007;0.030820999999999987;-8.910763771121516e-05;-0.0031883379751838914;0.14706691364403923
1552;16.648212432861328;0.03382099999999999;-0.0015994065819691025;0.0007871457843970225;0.14706691364403923
1553;16.65893054008484;0.03482099999999999;-8.910763771121516e-05;-0.0031883379751838914;0.15155189164544325
1554;16.66965126991272;0.03482099999999999;-0.00310970552622699;-0.007163821734764805;0.15005689897830887
1555;16.680368661880493;0.037820999999999994;-8.910763771121516e-05;-0.0031883379751838914;0.15005689897830887
1556;16.691086769104004;0.038820999999999994;-8.910763771121516e-05;-0.007163821734764805;0.1485619063111736
1557;16.70180606842041;0.040820999999999996;-8.910763771121516e-05;0.0007871457843970225;0.1440769283097696
1558;16.71264123916626;0.042821;-8.910763771121516e-05;0.0007871457843970225;0.1485619063111736
1559;16.723401069641113;0.044821;-8.910763771121516e-05;-0.0031883379751838914;0.14557192097690486
1560;16.734122037887573;0.044821;-8.910763771121516e-05;-0.0031883379751838914;0.1440769283097696
1561;16.744843244552612;0.046821;-8.910763771121516e-05;0.0047626295439779365;0.14258193564263522
1562;16.755576848983765;0.047821;-0.0015994065819691025;-0.007163821734764805;0.1380969576412312
1563;16.766294240951538;0.047821;-8.910763771121516e-05;-0.0031883379751838914;0.14108694297550084
1564;16.77702021598816;0.050821000000000005;-8.910763771121516e-05;-0.0031883379751838914;0.1380969576412312
1565;16.787748336791992;0.049821000000000004;-0.0015994065819691025;-0.0031883379751838914;0.13660196497409682
1566;16.798471212387085;0.051821000000000006;-0.0015994065819691025;0.0007871457843970225;0.1380969576412312
1567;16.809184074401855;0.05282100000000001;-0.00310970552622699;-0.0031883379751838914;0.13361197963982718
1568;16.819993495941162;0.051821000000000006;-8.910763771121516e-05;-0.0031883379751838914;0.1380969576412312
1569;16.830749988555908;0.05282100000000001;0.0014211913065466722;-0.0031883379751838914;0.13361197963982718
1570;16.841472387313843;0.05382100000000001;0.0014211913065466722;-0.0031883379751838914;0.13062199430555754
1571;16.852190732955933;0.05382100000000001;-8.910763771121516e-05;-0.0031883379751838914;0.1321169869726928
1572;16.862908840179443;0.05382100000000001;-8.910763771121516e-05;-0.0031883379751838914;0.13062199430555754
1573;16.87362813949585;0.05382100000000001;-8.910763771121516e-05;-0.0031883379751838914;0.1321169869726928
1574;16.8843514919281;0.05482100000000001;-8.910763771121516e-05;0.0007871457843970225;0.13660196497409682
1575;16.89507794380188;0.05582099999999998;-0.0015994065819691025;-0.0031883379751838914;0.1321169869726928
1576;16.90580153465271;0.05382100000000001;-8.910763771121516e-05;-0.0031883379751838914;0.13510697230696156
1577;16.916561126708984;0.05482100000000001;-8.910763771121516e-05;-0.0031883379751838914;0.13510697230696156
1578;16.92733073234558;0.05482100000000001;0.0014211913065466722;-0.0031883379751838914;0.13959195030836558
1579;16.938056230545044;0.05382100000000001;-8.910763771121516e-05;-0.0031883379751838914;0.14108694297550084
1580;16.948784828186035;0.05382100000000001;-8.910763771121516e-05;-0.0031883379751838914;0.14258193564263522
1581;16.95950484275818;0.05382100000000001;-0.0015994065819691025;-0.0031883379751838914;0.14108694297550084
1582;16.9702308177948;0.05282100000000001;-8.910763771121516e-05;-0.007163821734764805;0.1440769283097696
1583;16.98095417022705;0.050821000000000005;0.0014211913065466722;-0.0031883379751838914;0.14557192097690486
1584;16.99168348312378;0.049821000000000004;-8.910763771121516e-05;-0.0031883379751838914;0.1485619063111736
1585;17.002410173416138;0.049821000000000004;-8.910763771121516e-05;-0.007163821734764805;0.14706691364403923
1586;17.013171911239624;0.049821000000000004;0.0014211913065466722;-0.0031883379751838914;0.15005689897830887
1587;17.02390432357788;0.048821;-8.910763771121516e-05;-0.007163821734764805;0.15005689897830887
1588;17.034676790237427;0.047821;-0.0015994065819691025;-0.0031883379751838914;0.15304688431257762
1589;17.04540777206421;0.045821;-8.910763771121516e-05;0.0007871457843970225;0.1545418769797129
1590;17.05613422393799;0.046821;-8.910763771121516e-05;-0.0031883379751838914;0.15155189164544325
1591;17.066860675811768;0.044821;-0.0015994065819691025;-0.0031883379751838914;0.15603686964684726
1592;17.077582597732544;0.044821;-8.910763771121516e-05;0.0007871457843970225;0.15304688431257762
1593;17.088302850723267;0.041821;-8.910763771121516e-05;0.0007871457843970225;0.15155189164544325
1594;17.099029779434204;0.042821;0.0014211913065466722;-0.0031883379751838914;0.1545418769797129
1595;17.109755277633667;0.040820999999999996;0.0014211913065466722;-0.0031883379751838914;0.15304688431257762
1596;17.120527505874634;0.039820999999999995;0.0014211913065466722;0.0007871457843970225;0.15304688431257762
1597;17.131245374679565;0.039820999999999995;-8.910763771121516e-05;-0.007163821734764805;0.15753186231398164
1598;17.141966104507446;0.03682099999999999;-0.0015994065819691025;0.0007871457843970225;0.1545418769797129
1599;17.152697324752808;0.03682099999999999;-8.910763771121516e-05;-0.0031883379751838914;0.15603686964684726
1600;17.1634202003479;0.03482099999999999;-8.910763771121516e-05;-0.0031883379751838914;0.15603686964684726
1601;17.174145936965942;0.03382099999999999;-0.0015994065819691025;-0.0031883379751838914;0.16052184764825128
1602;17.18486785888672;0.03382099999999999;-8.910763771121516e-05;-0.0031883379751838914;0.16052184764825128
1603;17.19559669494629;0.03182099999999999;-8.910763771121516e-05;-0.0031883379751838914;0.16052184764825128
1604;17.206323623657227;0.030820999999999987;-0.0015994065819691025;-0.0031883379751838914;0.16351183298252092
1605;17.217097759246826;0.030820999999999987;-8.910763771121516e-05;-0.0031883379751838914;0.16351183298252092
1606;17.227825164794922;0.028821;-8.910763771121516e-05;-0.0031883379751838914;0.16650181831678967
1607;17.238544464111328;0.027821;-8.910763771121516e-05;-0.0031883379751838914;0.1650068256496553
1608;17.249268531799316;0.025820999999999997;0.0014211913065466722;-0.0031883379751838914;0.16799681098392494
1609;17.260037183761597;0.025820999999999997;-8.910763771121516e-05;0.0047626295439779365;0.16949180365105931
1610;17.27075743675232;0.023820999999999995;-0.00310970552622699;0.0007871457843970225;0.17248178898532895
1611;17.2814838886261;0.022820999999999994;-8.910763771121516e-05;-0.0031883379751838914;0.17248178898532895
1612;17.292202472686768;0.021820999999999993;-8.910763771121516e-05;-0.0031883379751838914;0.17248178898532895
1613;17.302927494049072;0.020820999999999992;-0.0015994065819691025;0.0007871457843970225;0.17397678165246333
1614;17.313647508621216;0.01982099999999999;-8.910763771121516e-05;0.0007871457843970225;0.17696676698673297
1615;17.324407815933228;0.01982099999999999;0.0014211913065466722;0.0007871457843970225;0.17846175965386735
1616;17.335132837295532;0.01982099999999999;-8.910763771121516e-05;-0.0031883379751838914;0.17995675232100172
1617;17.345850706100464;0.01682099999999999;-8.910763771121516e-05;0.0007871457843970225;0.17995675232100172
1618;17.356566905975342;0.015820999999999988;-8.910763771121516e-05;-0.0031883379751838914;0.17846175965386735
1619;17.367383003234863;0.01682099999999999;-8.910763771121516e-05;0.0007871457843970225;0.181451744988137
1620;17.378113269805908;0.014821;-8.910763771121516e-05;-0.007163821734764805;0.181451744988137
1621;17.38884425163269;0.012820999999999999;-8.910763771121516e-05;-0.0031883379751838914;0.18444173032240574
1622;17.399563312530518;0.011820999999999998;-8.910763771121516e-05;-0.007163821734764805;0.181451744988137
1623;17.410292387008667;0.009820999999999996;-8.910763771121516e-05;-0.0031883379751838914;0.185936722989541
1624;17.421064138412476;0.008820999999999996;-8.910763771121516e-05;-0.0031883379751838914;0.18444173032240574
1625;17.431791067123413;0.009820999999999996;-8.910763771121516e-05;0.0007871457843970225;0.18892670832381064
1626;17.442574739456177;0.007820999999999995;-8.910763771121516e-05;0.0007871457843970225;0.19341168632521466
1627;17.453349113464355;0.005820999999999993;-8.910763771121516e-05;0.0007871457843970225;0.19341168632521466
1628;17.46407914161682;0.006820999999999994;-0.0015994065819691025;0.0007871457843970225;0.1964016716594834
1629;17.474805116653442;0.005820999999999993;-0.0015994065819691025;-0.0031883379751838914;0.19490667899234904
1630;17.485530614852905;0.005820999999999993;-8.910763771121516e-05;-0.0031883379751838914;0.20088664966088743
1631;17.49625301361084;0.005820999999999993;-0.0015994065819691025;-0.0031883379751838914;0.20537162766229144
1632;17.506972789764404;0.003820999999999991;-8.910763771121516e-05;-0.0031883379751838914;0.20836161299656109
1633;17.517734050750732;0.00282099999999999;-0.0015994065819691025;-0.0031883379751838914;0.20985660566369546
1634;17.528459072113037;0.0008209999999999884;-8.910763771121516e-05;0.0007871457843970225;0.21135159833083073
1635;17.539180040359497;0.0008209999999999884;-8.910763771121516e-05;-0.0031883379751838914;0.21135159833083073
1636;17.549951553344727;-0.00017900000000001248;-8.910763771121516e-05;-0.0031883379751838914;0.2128465909979651
1637;17.56072211265564;-0.0011790000000000134;-8.910763771121516e-05;-0.0031883379751838914;0.2128465909979651
1638;17.57144594192505;-0.0011790000000000134;-8.910763771121516e-05;-0.0031883379751838914;0.21434158366509948
1639;17.5821635723114;-0.0011790000000000134;0.0014211913065466722;0.0007871457843970225;0.21135159833083073
1640;17.59288191795349;-0.0021790000000000004;-8.910763771121516e-05;-0.0031883379751838914;0.21583657633223474
1641;17.603610277175903;-0.0021790000000000004;-8.910763771121516e-05;-0.0031883379751838914;0.21135159833083073
1642;17.614333868026733;-0.0031790000000000013;-0.0015994065819691025;-0.0031883379751838914;0.21135159833083073
1643;17.625112533569336;-0.0021790000000000004;-8.910763771121516e-05;-0.0031883379751838914;0.21135159833083073
1644;17.635826349258423;-0.0031790000000000013;-8.910763771121516e-05;-0.0031883379751838914;0.21135159833083073
1645;17.646548986434937;-0.0031790000000000013;-8.910763771121516e-05;-0.0031883379751838914;0.21135159833083073
1646;17.657320022583008;-0.0021790000000000004;-8.910763771121516e-05;-0.0031883379751838914;0.2128465909979651
1647;17.66940474510193;-0.005179000000000003;-8.910763771121516e-05;-0.0031883379751838914;0.21135159833083073
1648;17.68013596534729;-0.004179000000000002;-8.910763771121516e-05;-0.0031883379751838914;0.2128465909979651
1649;17.69085383415222;-0.0031790000000000013;-0.0015994065819691025;-0.0031883379751838914;0.20985660566369546
1650;17.70200514793396;-0.005179000000000003;0.0014211913065466722;-0.0031883379751838914;0.21135159833083073
1651;17.71284532546997;-0.005179000000000003;0.0014211913065466722;-0.0031883379751838914;0.2068666203294267
1652;17.72360920906067;-0.006179000000000004;-8.910763771121516e-05;-0.007163821734764805;0.2068666203294267
1653;17.734325408935547;-0.004179000000000002;-0.00310970552622699;0.0007871457843970225;0.20836161299656109
1654;17.745051860809326;-0.007179000000000005;-8.910763771121516e-05;-0.0031883379751838914;0.20537162766229144
1655;17.75576901435852;-0.009179000000000007;0.0014211913065466722;-0.007163821734764805;0.20836161299656109
1656;17.766494035720825;-0.009179000000000007;-8.910763771121516e-05;-0.0031883379751838914;0.20537162766229144
1657;17.777270078659058;-0.011179000000000008;0.0014211913065466722;-0.0031883379751838914;0.2068666203294267
1658;17.788037538528442;-0.01217900000000001;0.0014211913065466722;-0.0031883379751838914;0.20387663499515707
1659;17.79875922203064;-0.01217900000000001;-8.910763771121516e-05;0.0007871457843970225;0.2068666203294267
1660;17.809471368789673;-0.015179000000000012;-8.910763771121516e-05;0.0007871457843970225;0.2068666203294267
1661;17.820229053497314;-0.015179000000000012;-0.0015994065819691025;-0.0031883379751838914;0.20537162766229144
1662;17.83095359802246;-0.015179000000000012;-8.910763771121516e-05;-0.0031883379751838914;0.20836161299656109
1663;17.841676235198975;-0.019179;-8.910763771121516e-05;-0.0031883379751838914;0.20836161299656109
1664;17.852401733398438;-0.020179000000000002;-8.910763771121516e-05;-0.0031883379751838914;0.20985660566369546
1665;17.863134145736694;-0.020179000000000002;0.0014211913065466722;0.0007871457843970225;0.20985660566369546
1666;17.873857736587524;-0.023179000000000005;-8.910763771121516e-05;-0.0031883379751838914;0.20985660566369546
1667;17.884627103805542;-0.024179000000000006;-8.910763771121516e-05;-0.0031883379751838914;0.2128465909979651
1668;17.89539909362793;-0.026179000000000008;-8.910763771121516e-05;-0.0031883379751838914;0.21733156899936912
1669;17.906126737594604;-0.02717900000000001;-8.910763771121516e-05;-0.0031883379751838914;0.2128465909979651
1670;17.916844844818115;-0.02717900000000001;-8.910763771121516e-05;0.0007871457843970225;0.21733156899936912
1671;17.92761516571045;-0.02817900000000001;-8.910763771121516e-05;-0.0031883379751838914;0.21733156899936912
1672;17.938335180282593;-0.02917900000000001;-8.910763771121516e-05;-0.0031883379751838914;0.21733156899936912
1673;17.949062824249268;-0.02917900000000001;-8.910763771121516e-05;-0.0031883379751838914;0.21733156899936912
1674;17.959779977798462;-0.031179000000000005;-8.910763771121516e-05;-0.0031883379751838914;0.21583657633223474
1675;17.970519304275513;-0.031179000000000005;0.0014211913065466722;-0.0031883379751838914;0.22032155433363876
1676;17.981240272521973;-0.032179000000000006;0.0014211913065466722;-0.0031883379751838914;0.22032155433363876
1677;17.99196171760559;-0.03417900000000001;-0.0015994065819691025;-0.0031883379751838914;0.2233115396679075
1678;18.00268530845642;-0.03517900000000001;-0.0015994065819691025;0.0007871457843970225;0.22480653233504277
1679;18.013415098190308;-0.037179000000000004;-8.910763771121516e-05;-0.007163821734764805;0.22480653233504277
1680;18.0241858959198;-0.040179000000000006;-8.910763771121516e-05;-0.0031883379751838914;0.22630152500217715
1681;18.03491497039795;-0.040179000000000006;-8.910763771121516e-05;-0.0031883379751838914;0.22779651766931153
1682;18.045636892318726;-0.04317900000000001;0.0014211913065466722;0.0007871457843970225;0.2292915103364468
1683;18.056367874145508;-0.046179000000000005;-8.910763771121516e-05;-0.0031883379751838914;0.2292915103364468
1684;18.067091941833496;-0.046179000000000005;-8.910763771121516e-05;-0.007163821734764805;0.2292915103364468
1685;18.07781958580017;-0.04917900000000001;-0.0015994065819691025;0.0007871457843970225;0.2292915103364468
1686;18.088543176651;-0.05217900000000001;0.0014211913065466722;-0.0031883379751838914;0.23078650300358117
1687;18.09926462173462;-0.054179000000000005;0.0014211913065466722;-0.0031883379751838914;0.22630152500217715
1688;18.110044240951538;-0.05717900000000001;0.0014211913065466722;-0.0031883379751838914;0.22032155433363876
1689;18.120806217193604;-0.053179000000000004;-8.910763771121516e-05;0.0007871457843970225;0.23228149567071554
1690;18.13154172897339;-0.05817900000000001;-0.0015994065819691025;-0.0031883379751838914;0.20387663499515707
1691;18.14226222038269;-0.04917900000000001;-8.910763771121516e-05;0.0007871457843970225;0.2068666203294267
1692;18.152987718582153;-0.04417900000000001;-8.910763771121516e-05;-0.0031883379751838914;0.20985660566369546
1693;18.163711547851562;-0.04917900000000001;-8.910763771121516e-05;-0.0031883379751838914;0.2068666203294267
1694;18.174433708190918;-0.031179000000000005;-0.0015994065819691025;0.0007871457843970225;0.185936722989541
1695;18.185163259506226;-0.022179000000000004;-8.910763771121516e-05;-0.0031883379751838914;0.2023816423280227
1696;18.195897340774536;-0.020179000000000002;0.0014211913065466722;-0.007163821734764805;0.19042170099094502
1697;18.206626892089844;-0.010179000000000007;-8.910763771121516e-05;0.0007871457843970225;0.1709867963181937
1698;18.217355728149414;-0.026179000000000008;-0.0015994065819691025;-0.0031883379751838914;0.1919166936580794
1699;18.228122234344482;-0.02817900000000001;0.0014211913065466722;-0.0031883379751838914;0.18294673765527136
1700;18.238847255706787;-0.025179000000000007;-0.0015994065819691025;-0.0031883379751838914;0.18294673765527136
1701;18.249602556228638;-0.02817900000000001;-0.0015994065819691025;-0.0031883379751838914;0.181451744988137
1702;18.260326623916626;-0.02717900000000001;-8.910763771121516e-05;-0.0031883379751838914;0.20088664966088743
1703;18.271049737930298;-0.038179000000000005;-0.0015994065819691025;-0.0031883379751838914;0.19042170099094502
1704;18.281771183013916;-0.009179000000000007;-8.910763771121516e-05;0.0007871457843970225;0.1754717743195977
1705;18.292547702789307;-0.01217900000000001;0.0014211913065466722;0.0007871457843970225;0.19490667899234904
1706;18.303324699401855;-0.026179000000000008;-0.0015994065819691025;0.0007871457843970225;0.1919166936580794
1707;18.31405258178711;-0.05617900000000001;-8.910763771121516e-05;-0.0031883379751838914;0.2128465909979651
1708;18.32481837272644;-0.05117900000000001;-8.910763771121516e-05;-0.0031883379751838914;0.2068666203294267
1709;18.335548400878906;-0.04917900000000001;0.0014211913065466722;-0.0031883379751838914;0.23078650300358117
1710;18.346274852752686;-0.05017900000000001;0.0014211913065466722;-0.0031883379751838914;0.22779651766931153
1711;18.357007265090942;-0.054179000000000005;-8.910763771121516e-05;-0.0031883379751838914;0.23228149567071554
1712;18.367732048034668;-0.081179;0.0014211913065466722;-0.0031883379751838914;0.23078650300358117
1713;18.378453969955444;-0.06517900000000001;-8.910763771121516e-05;0.0007871457843970225;0.2547063856777356
1714;18.389185190200806;-0.06217900000000001;0.0014211913065466722;-0.0031883379751838914;0.2517164003434669
1715;18.39996576309204;-0.046179000000000005;-8.910763771121516e-05;-0.0031883379751838914;0.2562013783448709
1716;18.410733699798584;-0.06417900000000001;-0.0015994065819691025;-0.0031883379751838914;0.2666663270148133
1717;18.42145276069641;-0.03517900000000001;-8.910763771121516e-05;-0.0031883379751838914;0.2651713343476789
1718;18.43223738670349;-0.018179;-8.910763771121516e-05;-0.0031883379751838914;0.26367634168054366
1719;18.44295835494995;0.014821;-0.0015994065819691025;0.0007871457843970225;0.2890912170218334
1720;18.453678846359253;-0.01217900000000001;-8.910763771121516e-05;0.0007871457843970225;0.3085261216945847
1721;18.464416980743408;0.03382099999999999;0.0014211913065466722;-0.0031883379751838914;0.2771312756847557
1722;18.475157022476196;0.049821000000000004;0.0014211913065466722;-0.0031883379751838914;0.2666663270148133
1723;18.48587465286255;0.077821;-8.910763771121516e-05;-0.0031883379751838914;0.24125145167352358
1724;18.496596813201904;0.08482100000000001;-8.910763771121516e-05;0.0007871457843970225;0.2337764883378508
1725;18.507378101348877;0.09482099999999999;0.0014211913065466722;0.0007871457843970225;0.21733156899936912
1726;18.518102407455444;0.09482099999999999;-8.910763771121516e-05;-0.0031883379751838914;0.1964016716594834
1727;18.52888011932373;0.09382099999999999;-0.0015994065819691025;-0.0031883379751838914;0.17846175965386735
1728;18.539604902267456;0.09682099999999999;-8.910763771121516e-05;-0.0031883379751838914;0.17397678165246333
1729;18.5503351688385;0.06282099999999999;0.0014211913065466722;-0.0031883379751838914;0.1545418769797129
1730;18.561059951782227;0.09682099999999999;-8.910763771121516e-05;-0.0031883379751838914;0.13959195030836558
1731;18.571786403656006;0.070821;0.0014211913065466722;-0.0031883379751838914;0.12912700163842317
1732;18.582557678222656;0.074821;-8.910763771121516e-05;0.0007871457843970225;0.12015704563561513
1733;18.593329668045044;0.058820999999999984;-0.0015994065819691025;-0.0031883379751838914;0.1111870896328071
1734;18.604053497314453;0.06682099999999999;0.0014211913065466722;0.0007871457843970225;0.08278222895724863
1735;18.614790678024292;0.06582099999999999;0.0014211913065466722;-0.0031883379751838914;0.08726720695865264
1736;18.625544786453247;0.013821;-0.0015994065819691025;-0.0031883379751838914;-0.027847228410717406
1737;18.636284351348877;0.010820999999999997;-0.0015994065819691025;-0.0031883379751838914;-0.024857243076448654
1738;18.647007942199707;0.010820999999999997;-8.910763771121516e-05;-0.0031883379751838914;-0.024857243076448654
1739;18.657742023468018;0.008820999999999996;-0.0015994065819691025;-0.007163821734764805;-0.024857243076448654
1740;18.66847324371338;0.008820999999999996;-0.0015994065819691025;-0.0031883379751838914;-0.024857243076448654
1741;18.679195880889893;0.010820999999999997;-8.910763771121516e-05;-0.0031883379751838914;-0.02336225040931339
1742;18.689971685409546;0.007820999999999995;-0.0015994065819691025;-0.007163821734764805;-0.024857243076448654
1743;18.700740337371826;0.010820999999999997;0.0014211913065466722;-0.0031883379751838914;-0.02336225040931339
1744;18.712807178497314;0.009820999999999996;0.0014211913065466722;-0.007163821734764805;-0.02336225040931339
1745;18.723531484603882;0.009820999999999996;-0.0015994065819691025;-0.0031883379751838914;-0.021867257742179014
1746;18.734298944473267;0.009820999999999996;0.0014211913065466722;-0.0031883379751838914;-0.024857243076448654
1747;18.745021104812622;0.010820999999999997;-0.0015994065819691025;-0.0031883379751838914;-0.024857243076448654
1748;18.755738735198975;0.009820999999999996;-8.910763771121516e-05;-0.007163821734764805;-0.024857243076448654
1749;18.766453981399536;0.009820999999999996;-8.910763771121516e-05;-0.0031883379751838914;-0.024857243076448654
1750;18.777236461639404;0.009820999999999996;-8.910763771121516e-05;0.0007871457843970225;-0.02635223574358303
1751;18.787999868392944;0.009820999999999996;-0.0015994065819691025;0.0007871457843970225;-0.02635223574358303
1752;18.798712968826294;0.009820999999999996;-8.910763771121516e-05;-0.0031883379751838914;-0.024857243076448654
1753;18.80944275856018;0.009820999999999996;-8.910763771121516e-05;-0.0031883379751838914;-0.02934222107785267
1754;18.82016396522522;0.008820999999999996;-8.910763771121516e-05;-0.007163821734764805;-0.02635223574358303
1755;18.83093237876892;0.007820999999999995;-0.0015994065819691025;-0.0031883379751838914;-0.027847228410717406
1756;18.84165072441101;0.010820999999999997;-8.910763771121516e-05;-0.0031883379751838914;-0.027847228410717406
1757;18.852368593215942;0.008820999999999996;-0.00310970552622699;0.0007871457843970225;-0.024857243076448654
1758;18.863090753555298;0.008820999999999996;-8.910763771121516e-05;-0.0031883379751838914;-0.02635223574358303
1759;18.873820543289185;0.008820999999999996;-0.0015994065819691025;-0.0031883379751838914;-0.02635223574358303
1760;18.884554862976074;0.007820999999999995;-8.910763771121516e-05;-0.0031883379751838914;-0.024857243076448654
1761;18.89582085609436;0.007820999999999995;-8.910763771121516e-05;-0.0031883379751838914;-0.027847228410717406
1762;18.906490802764893;0.007820999999999995;-8.910763771121516e-05;-0.0031883379751838914;-0.02635223574358303
1763;18.917245864868164;0.006820999999999994;-0.0015994065819691025;-0.0031883379751838914;-0.024857243076448654
1764;18.928034782409668;0.006820999999999994;-8.910763771121516e-05;-0.0031883379751838914;-0.02934222107785267
1765;18.938754081726074;0.006820999999999994;0.0014211913065466722;-0.007163821734764805;-0.020372265075044638
1766;18.949465036392212;0.005820999999999993;-0.0015994065819691025;-0.007163821734764805;-0.02635223574358303
1767;18.960174322128296;0.006820999999999994;-8.910763771121516e-05;-0.007163821734764805;-0.021867257742179014
1768;18.9708993434906;0.005820999999999993;-0.0015994065819691025;-0.0031883379751838914;-0.024857243076448654
1769;18.98161268234253;0.006820999999999994;-0.0015994065819691025;-0.0031883379751838914;-0.02336225040931339
1770;18.99247908592224;0.003820999999999991;-8.910763771121516e-05;-0.0031883379751838914;-0.020372265075044638
1771;19.003262996673584;0.005820999999999993;-8.910763771121516e-05;0.0007871457843970225;-0.024857243076448654
1772;19.013989448547363;0.004820999999999992;0.0014211913065466722;-0.0031883379751838914;-0.021867257742179014
1773;19.024723052978516;0.003820999999999991;-8.910763771121516e-05;0.0007871457843970225;-0.02635223574358303
1774;19.035494804382324;0.003820999999999991;-8.910763771121516e-05;-0.0031883379751838914;-0.02336225040931339
1775;19.04621434211731;0.003820999999999991;-8.910763771121516e-05;-0.007163821734764805;-0.024857243076448654
1776;19.056945323944092;0.004820999999999992;0.0014211913065466722;-0.0031883379751838914;-0.024857243076448654
1777;19.06771230697632;0.004820999999999992;0.0014211913065466722;-0.0031883379751838914;-0.021867257742179014
1778;19.078445434570312;0.003820999999999991;-8.910763771121516e-05;-0.0031883379751838914;-0.02635223574358303
1779;19.08917498588562;0.004820999999999992;-0.0015994065819691025;0.0007871457843970225;-0.02336225040931339
1780;19.099958419799805;0.00282099999999999;-0.0015994065819691025;-0.0031883379751838914;-0.02635223574358303
1781;19.11072850227356;0.003820999999999991;-8.910763771121516e-05;-0.0031883379751838914;-0.02336225040931339
1782;19.1214439868927;0.00282099999999999;-0.0015994065819691025;-0.0031883379751838914;-0.02934222107785267
1783;19.132202625274658;0.00282099999999999;-8.910763771121516e-05;-0.0031883379751838914;-0.024857243076448654
1784;19.142926454544067;0.0018209999999999893;-8.910763771121516e-05;-0.007163821734764805;-0.024857243076448654
1785;19.153642416000366;0.0018209999999999893;-8.910763771121516e-05;-0.0031883379751838914;-0.02635223574358303
1786;19.16436219215393;0.0008209999999999884;-8.910763771121516e-05;0.0007871457843970225;-0.02635223574358303
1787;19.175093412399292;-0.00017900000000001248;-8.910763771121516e-05;0.0007871457843970225;-0.02635223574358303
1788;19.18581771850586;-0.0011790000000000134;-0.0015994065819691025;-0.0031883379751838914;-0.024857243076448654
1789;19.196540594100952;0.0008209999999999884;-0.00310970552622699;0.0007871457843970225;-0.02635223574358303
1790;19.207318782806396;0.0008209999999999884;-0.0015994065819691025;0.0007871457843970225;-0.024857243076448654
1791;19.21808671951294;0.0008209999999999884;-0.0015994065819691025;-0.007163821734764805;-0.02635223574358303
1792;19.22881269454956;0.0018209999999999893;-8.910763771121516e-05;0.0007871457843970225;-0.024857243076448654
1793;19.239585161209106;0.0018209999999999893;-8.910763771121516e-05;-0.0031883379751838914;-0.024857243076448654
1794;19.250312089920044;0.003820999999999991;-0.0015994065819691025;-0.007163821734764805;-0.024857243076448654
1795;19.261043310165405;0.004820999999999992;-8.910763771121516e-05;-0.0031883379751838914;-0.02635223574358303
1796;19.27177619934082;0.006820999999999994;0.0014211913065466722;-0.0031883379751838914;-0.024857243076448654
1797;19.282549619674683;0.006820999999999994;-8.910763771121516e-05;-0.007163821734764805;-0.02336225040931339
1798;19.293333530426025;0.009820999999999996;-8.910763771121516e-05;-0.0031883379751838914;-0.024857243076448654
1799;19.304065465927124;0.009820999999999996;-0.0015994065819691025;-0.007163821734764805;-0.02336225040931339
1800;19.314804077148438;0.008820999999999996;-0.0015994065819691025;0.0007871457843970225;-0.024857243076448654
1801;19.325527667999268;0.011820999999999998;0.0014211913065466722;-0.0031883379751838914;-0.021867257742179014
1802;19.336302757263184;0.011820999999999998;-8.910763771121516e-05;-0.0031883379751838914;-0.02336225040931339
1803;19.347026109695435;0.011820999999999998;-0.0015994065819691025;-0.0031883379751838914;-0.024857243076448654
1804;19.357754945755005;0.010820999999999997;-0.0015994065819691025;-0.0031883379751838914;-0.02635223574358303
1805;19.36847686767578;0.009820999999999996;-8.910763771121516e-05;-0.011139305494345733;-0.024857243076448654
1806;19.37920570373535;0.009820999999999996;-8.910763771121516e-05;0.0007871457843970225;-0.02336225040931339
1807;19.39003276824951;0.010820999999999997;-8.910763771121516e-05;0.0007871457843970225;-0.024857243076448654
1808;19.40076494216919;0.009820999999999996;-0.0015994065819691025;-0.0031883379751838914;-0.024857243076448654
1809;19.411479473114014;0.009820999999999996;-0.00310970552622699;-0.0031883379751838914;-0.024857243076448654
1810;19.422208070755005;0.009820999999999996;-8.910763771121516e-05;-0.0031883379751838914;-0.02635223574358303
1811;19.432931661605835;0.010820999999999997;-0.0015994065819691025;-0.0031883379751838914;-0.02635223574358303
1812;19.443652629852295;0.010820999999999997;-0.0015994065819691025;-0.0031883379751838914;-0.02635223574358303
1813;19.454373836517334;0.010820999999999997;0.0014211913065466722;-0.0031883379751838914;-0.027847228410717406
1814;19.465101957321167;0.010820999999999997;-0.0015994065819691025;-0.0031883379751838914;-0.027847228410717406
1815;19.475828647613525;0.009820999999999996;-0.00310970552622699;-0.0031883379751838914;-0.024857243076448654
1816;19.48655390739441;0.010820999999999997;-0.0015994065819691025;0.0007871457843970225;-0.02635223574358303
1817;19.49733018875122;0.009820999999999996;-8.910763771121516e-05;-0.0031883379751838914;-0.027847228410717406
1818;19.508068561553955;0.008820999999999996;-8.910763771121516e-05;-0.0031883379751838914;-0.027847228410717406
1819;19.518803119659424;0.010820999999999997;-8.910763771121516e-05;-0.0031883379751838914;-0.027847228410717406
1820;19.529515504837036;0.009820999999999996;-0.0015994065819691025;-0.007163821734764805;-0.024857243076448654
1821;19.540277242660522;0.010820999999999997;-8.910763771121516e-05;-0.0031883379751838914;-0.02635223574358303
1822;19.55099654197693;0.008820999999999996;-0.00310970552622699;-0.0031883379751838914;-0.024857243076448654
1823;19.561718940734863;0.011820999999999998;-8.910763771121516e-05;-0.0031883379751838914;-0.027847228410717406
1824;19.572442293167114;0.008820999999999996;-8.910763771121516e-05;-0.0031883379751838914;-0.02635223574358303
1825;19.58317255973816;0.009820999999999996;0.0014211913065466722;-0.0031883379751838914;-0.02336225040931339
1826;19.59389877319336;0.009820999999999996;-0.00310970552622699;-0.0031883379751838914;-0.024857243076448654
1827;19.60468578338623;0.010820999999999997;-0.0015994065819691025;-0.0031883379751838914;-0.021867257742179014
1828;19.615451335906982;0.009820999999999996;-0.00310970552622699;-0.0031883379751838914;-0.02336225040931339
1829;19.626184701919556;0.010820999999999997;-0.0015994065819691025;-0.0031883379751838914;-0.02635223574358303
1830;19.636908531188965;0.009820999999999996;-0.0015994065819691025;-0.007163821734764805;-0.021867257742179014
1831;19.647637128829956;0.010820999999999997;-0.0015994065819691025;-0.0031883379751838914;-0.02635223574358303
1832;19.658366441726685;0.010820999999999997;-8.910763771121516e-05;-0.0031883379751838914;-0.02336225040931339
1833;19.669088125228882;0.009820999999999996;-0.0015994065819691025;0.0007871457843970225;-0.024857243076448654
1834;19.67981481552124;0.009820999999999996;-8.910763771121516e-05;-0.0031883379751838914;-0.027847228410717406
1835;19.690589904785156;0.009820999999999996;-8.910763771121516e-05;-0.0031883379751838914;-0.02336225040931339
1836;19.70131492614746;0.009820999999999996;0.0014211913065466722;-0.007163821734764805;-0.02635223574358303
1837;19.712033987045288;0.011820999999999998;-8.910763771121516e-05;-0.0031883379751838914;-0.02336225040931339
1838;19.72276496887207;0.009820999999999996;-0.0015994065819691025;-0.0031883379751838914;-0.02336225040931339
1839;19.733530044555664;0.011820999999999998;-8.910763771121516e-05;0.0007871457843970225;-0.02635223574358303
1840;19.7455792427063;0.010820999999999997;-0.00310970552622699;-0.0031883379751838914;-0.02635223574358303
1841;19.756308555603027;0.010820999999999997;-8.910763771121516e-05;-0.0031883379751838914;-0.027847228410717406
1842;19.767027378082275;0.010820999999999997;-8.910763771121516e-05;-0.0031883379751838914;-0.02635223574358303
1843;19.777731895446777;0.009820999999999996;-8.910763771121516e-05;-0.0031883379751838914;-0.02635223574358303
1844;19.788416385650635;0.010820999999999997;-8.910763771121516e-05;0.0007871457843970225;-0.027847228410717406
1845;19.799126148223877;0.010820999999999997;-0.0015994065819691025;-0.0031883379751838914;-0.024857243076448654
1846;19.809903144836426;0.010820999999999997;0.0014211913065466722;-0.007163821734764805;-0.02635223574358303
1847;19.8206729888916;0.010820999999999997;0.0014211913065466722;-0.0031883379751838914;-0.024857243076448654
1848;19.831385612487793;0.009820999999999996;-0.0015994065819691025;-0.0031883379751838914;-0.02635223574358303
1849;19.84215021133423;0.009820999999999996;-0.0015994065819691025;-0.0031883379751838914;-0.024857243076448654
1850;19.852867603302002;0.010820999999999997;-8.910763771121516e-05;-0.0031883379751838914;-0.02336225040931339
1851;19.86358642578125;0.010820999999999997;-0.0015994065819691025;-0.0031883379751838914;-0.024857243076448654
1852;19.87431311607361;0.009820999999999996;-8.910763771121516e-05;-0.0031883379751838914;-0.02336225040931339
1853;19.88503932952881;0.010820999999999997;-8.910763771121516e-05;-0.007163821734764805;-0.024857243076448654
1854;19.895753860473633;0.010820999999999997;-0.0015994065819691025;-0.0031883379751838914;-0.024857243076448654
1855;19.906482458114624;0.009820999999999996;-8.910763771121516e-05;-0.0031883379751838914;-0.02336225040931339
1856;19.917253494262695;0.009820999999999996;-8.910763771121516e-05;-0.0031883379751838914;-0.02336225040931339
1857;19.928024768829346;0.010820999999999997;-8.910763771121516e-05;-0.0031883379751838914;-0.024857243076448654
1858;19.938782215118408;0.010820999999999997;-0.0015994065819691025;-0.0031883379751838914;-0.02336225040931339
1859;19.949511766433716;0.009820999999999996;-8.910763771121516e-05;-0.0031883379751838914;-0.024857243076448654
1860;19.96023917198181;0.010820999999999997;-8.910763771121516e-05;-0.0031883379751838914;-0.02336225040931339
1861;19.97096037864685;0.012820999999999999;-8.910763771121516e-05;-0.007163821734764805;-0.02635223574358303
1862;19.98168635368347;0.009820999999999996;-8.910763771121516e-05;-0.0031883379751838914;-0.02635223574358303
1863;19.992407083511353;0.010820999999999997;-0.0015994065819691025;0.0007871457843970225;-0.02635223574358303
1864;20.0031316280365;0.009820999999999996;-0.0015994065819691025;0.0007871457843970225;-0.024857243076448654
1865;20.0138578414917;0.010820999999999997;-8.910763771121516e-05;-0.0031883379751838914;-0.027847228410717406
1866;20.024629831314087;0.010820999999999997;-0.0015994065819691025;0.0007871457843970225;-0.02635223574358303
1867;20.035443782806396;0.009820999999999996;-0.0015994065819691025;-0.0031883379751838914;-0.024857243076448654
1868;20.04617214202881;0.010820999999999997;-0.0015994065819691025;-0.0031883379751838914;-0.02635223574358303
1869;20.056899070739746;0.012820999999999999;-8.910763771121516e-05;-0.0031883379751838914;-0.02635223574358303
1870;20.06762957572937;0.010820999999999997;-8.910763771121516e-05;-0.0031883379751838914;-0.027847228410717406
1871;20.07835364341736;0.010820999999999997;-0.0015994065819691025;-0.007163821734764805;-0.027847228410717406
1872;20.0890793800354;0.009820999999999996;-8.910763771121516e-05;-0.0031883379751838914;-0.027847228410717406
1873;20.099804878234863;0.010820999999999997;-8.910763771121516e-05;-0.0031883379751838914;-0.02336225040931339
1874;20.110522031784058;0.010820999999999997;-8.910763771121516e-05;-0.0031883379751838914;-0.02635223574358303
1875;20.121251344680786;0.009820999999999996;-8.910763771121516e-05;-0.007163821734764805;-0.02635223574358303
1876;20.131974458694458;0.010820999999999997;0.0014211913065466722;-0.0031883379751838914;-0.02635223574358303
1877;20.14271068572998;0.010820999999999997;-8.910763771121516e-05;-0.0031883379751838914;-0.024857243076448654
1878;20.153430223464966;0.010820999999999997;-0.0015994065819691025;-0.0031883379751838914;-0.021867257742179014
1879;20.16416025161743;0.010820999999999997;-0.0015994065819691025;-0.007163821734764805;-0.02336225040931339
1880;20.17487621307373;0.011820999999999998;-8.910763771121516e-05;0.0007871457843970225;-0.024857243076448654
1881;20.185550928115845;0.011820999999999998;0.0014211913065466722;0.0007871457843970225;-0.021867257742179014
1882;20.196280479431152;0.011820999999999998;-0.00310970552622699;0.0007871457843970225;-0.024857243076448654
1883;20.207002639770508;0.009820999999999996;-0.0015994065819691025;-0.0031883379751838914;-0.024857243076448654
1884;20.21773099899292;0.010820999999999997;-0.0015994065819691025;-0.0031883379751838914;-0.02635223574358303
1885;20.22845435142517;0.010820999999999997;-0.0015994065819691025;-0.0031883379751838914;-0.02336225040931339
1886;20.239219427108765;0.011820999999999998;-8.910763771121516e-05;0.0007871457843970225;-0.02336225040931339
1887;20.249991178512573;0.010820999999999997;-0.0015994065819691025;-0.007163821734764805;-0.02336225040931339
1888;20.26075267791748;0.010820999999999997;-8.910763771121516e-05;0.0007871457843970225;-0.021867257742179014
1889;20.271478414535522;0.010820999999999997;-8.910763771121516e-05;-0.0031883379751838914;-0.02635223574358303
1890;20.282207250595093;0.011820999999999998;-0.0015994065819691025;-0.0031883379751838914;-0.02635223574358303
1891;20.29293179512024;0.010820999999999997;-0.0015994065819691025;-0.0031883379751838914;-0.024857243076448654
1892;20.30366539955139;0.009820999999999996;-8.910763771121516e-05;-0.0031883379751838914;-0.02635223574358303
1893;20.31438899040222;0.010820999999999997;-8.910763771121516e-05;0.0007871457843970225;-0.02635223574358303
1894;20.325124740600586;0.011820999999999998;-0.0015994065819691025;-0.0031883379751838914;-0.024857243076448654
1895;20.335885524749756;0.010820999999999997;-0.0015994065819691025;-0.0031883379751838914;-0.02635223574358303
1896;20.34662961959839;0.011820999999999998;-0.0015994065819691025;-0.0031883379751838914;-0.02635223574358303
1897;20.357359170913696;0.011820999999999998;-8.910763771121516e-05;-0.0031883379751838914;-0.024857243076448654
1898;20.368090391159058;0.010820999999999997;0.0014211913065466722;-0.0031883379751838914;-0.02635223574358303
1899;20.378814935684204;0.010820999999999997;-8.910763771121516e-05;0.0007871457843970225;-0.024857243076448654
1900;20.389544010162354;0.010820999999999997;-8.910763771121516e-05;-0.0031883379751838914;-0.02635223574358303
1901;20.400264978408813;0.008820999999999996;-0.0015994065819691025;-0.0031883379751838914;-0.024857243076448654
1902;20.410999536514282;0.010820999999999997;-8.910763771121516e-05;0.0007871457843970225;-0.024857243076448654
1903;20.421744108200073;0.010820999999999997;-0.0015994065819691025;-0.0031883379751838914;-0.02635223574358303
1904;20.432612895965576;0.011820999999999998;-8.910763771121516e-05;-0.007163821734764805;-0.024857243076448654
1905;20.44343400001526;0.011820999999999998;-0.00310970552622699;-0.007163821734764805;-0.02635223574358303
1906;20.45416498184204;0.009820999999999996;-8.910763771121516e-05;-0.011139305494345733;-0.02336225040931339
1907;20.4648916721344;0.010820999999999997;-8.910763771121516e-05;-0.0031883379751838914;-0.02336225040931339
1908;20.475613832473755;0.008820999999999996;0.0014211913065466722;-0.0031883379751838914;-0.024857243076448654
1909;20.486342430114746;0.009820999999999996;-0.0015994065819691025;-0.007163821734764805;-0.02336225040931339
1910;20.497069358825684;0.009820999999999996;-8.910763771121516e-05;-0.0031883379751838914;-0.024857243076448654
1911;20.507799863815308;0.010820999999999997;-8.910763771121516e-05;-0.007163821734764805;-0.024857243076448654
1912;20.518523693084717;0.010820999999999997;-8.910763771121516e-05;0.0007871457843970225;-0.02336225040931339
1913;20.5292546749115;0.010820999999999997;-0.0015994065819691025;-0.0031883379751838914;-0.027847228410717406
1914;20.54007625579834;0.008820999999999996;-0.0015994065819691025;-0.0031883379751838914;-0.024857243076448654
1915;20.550814151763916;0.009820999999999996;-0.0015994065819691025;-0.0031883379751838914;-0.02336225040931339
1916;20.561538457870483;0.009820999999999996;0.0014211913065466722;-0.0031883379751838914;-0.02336225040931339
1917;20.572259664535522;0.009820999999999996;-0.0015994065819691025;-0.0031883379751838914;-0.024857243076448654
1918;20.582996129989624;0.010820999999999997;-8.910763771121516e-05;0.0007871457843970225;-0.02635223574358303
1919;20.593726634979248;0.011820999999999998;-0.0015994065819691025;-0.007163821734764805;-0.02336225040931339
1920;20.60445261001587;0.011820999999999998;-8.910763771121516e-05;0.0007871457843970225;-0.02635223574358303
1921;20.615286350250244;0.009820999999999996;-8.910763771121516e-05;-0.0031883379751838914;-0.027847228410717406
1922;20.626018047332764;0.010820999999999997;-0.0015994065819691025;-0.0031883379751838914;-0.024857243076448654
1923;20.636786222457886;0.009820999999999996;-8.910763771121516e-05;-0.0031883379751838914;-0.02934222107785267
1924;20.64755415916443;0.009820999999999996;-8.910763771121516e-05;-0.007163821734764805;-0.02336225040931339
1925;20.658275365829468;0.010820999999999997;-0.0015994065819691025;-0.0031883379751838914;-0.02635223574358303
1926;20.66900610923767;0.008820999999999996;0.0014211913065466722;-0.0031883379751838914;-0.027847228410717406
1927;20.679733276367188;0.011820999999999998;-0.0015994065819691025;-0.007163821734764805;-0.024857243076448654
1928;20.690465450286865;0.009820999999999996;-8.910763771121516e-05;-0.0031883379751838914;-0.027847228410717406
1929;20.701189517974854;0.008820999999999996;-0.0015994065819691025;-0.0031883379751838914;-0.024857243076448654
1930;20.711918115615845;0.010820999999999997;-8.910763771121516e-05;-0.0031883379751838914;-0.024857243076448654
1931;20.72269582748413;0.010820999999999997;-0.0015994065819691025;-0.0031883379751838914;-0.02635223574358303
1932;20.733431339263916;0.010820999999999997;-0.0015994065819691025;-0.0031883379751838914;-0.02635223574358303
1933;20.744197368621826;0.010820999999999997;-8.910763771121516e-05;-0.0031883379751838914;-0.027847228410717406
1934;20.754924535751343;0.010820999999999997;-0.0015994065819691025;-0.0031883379751838914;-0.024857243076448654
1935;20.76565194129944;0.008820999999999996;-8.910763771121516e-05;-0.0031883379751838914;-0.02635223574358303
1936;20.77638292312622;0.010820999999999997;-8.910763771121516e-05;-0.0031883379751838914;-0.02635223574358303
1937;20.788438320159912;0.010820999999999997;-8.910763771121516e-05;-0.007163821734764805;-0.024857243076448654
1938;20.799156188964844;0.009820999999999996;0.0014211913065466722;-0.0031883379751838914;-0.02635223574358303
1939;20.809945821762085;0.010820999999999997;-8.910763771121516e-05;-0.007163821734764805;-0.02336225040931339
1940;20.8207106590271;0.009820999999999996;-8.910763771121516e-05;0.0007871457843970225;-0.024857243076448654
1941;20.831430435180664;0.010820999999999997;-0.0015994065819691025;-0.0031883379751838914;-0.02635223574358303
1942;20.842204809188843;0.010820999999999997;-0.0015994065819691025;-0.0031883379751838914;-0.024857243076448654
1943;20.852924346923828;0.009820999999999996;-8.910763771121516e-05;-0.0031883379751838914;-0.02635223574358303
1944;20.863640069961548;0.010820999999999997;-0.0015994065819691025;-0.0031883379751838914;-0.024857243076448654
1945;20.874364137649536;0.010820999999999997;-8.910763771121516e-05;-0.007163821734764805;-0.02635223574358303
1946;20.885088682174683;0.010820999999999997;-8.910763771121516e-05;-0.0031883379751838914;-0.024857243076448654
1947;20.895805597305298;0.009820999999999996;-8.910763771121516e-05;-0.007163821734764805;-0.024857243076448654
1948;20.90652561187744;0.009820999999999996;-8.910763771121516e-05;-0.0031883379751838914;-0.027847228410717406
1949;20.917301177978516;0.009820999999999996;-8.910763771121516e-05;-0.0031883379751838914;-0.024857243076448654
1950;20.928073167800903;0.009820999999999996;-8.910763771121516e-05;-0.0031883379751838914;-0.02635223574358303
1951;20.938790559768677;0.010820999999999997;-8.910763771121516e-05;-0.0031883379751838914;-0.02635223574358303
1952;20.949562072753906;0.009820999999999996;-8.910763771121516e-05;-0.0031883379751838914;-0.02635223574358303
1953;20.960277557373047;0.011820999999999998;0.0014211913065466722;-0.0031883379751838914;-0.02635223574358303
1954;20.970995903015137;0.009820999999999996;-8.910763771121516e-05;-0.0031883379751838914;-0.02336225040931339
1955;20.98172903060913;0.010820999999999997;-0.0015994065819691025;-0.007163821734764805;-0.024857243076448654
1956;20.992456197738647;0.009820999999999996;0.0014211913065466722;-0.0031883379751838914;-0.024857243076448654
1957;21.00317692756653;0.009820999999999996;-0.0015994065819691025;-0.0031883379751838914;-0.02336225040931339
1958;21.01389503479004;0.009820999999999996;-0.0015994065819691025;-0.0031883379751838914;-0.02635223574358303
1959;21.024666786193848;0.010820999999999997;-0.0015994065819691025;-0.0031883379751838914;-0.02635223574358303
1960;21.03539204597473;0.009820999999999996;-8.910763771121516e-05;-0.0031883379751838914;-0.02336225040931339
1961;21.04615569114685;0.009820999999999996;-8.910763771121516e-05;-0.007163821734764805;-0.02336225040931339
1962;21.05688500404358;0.010820999999999997;-0.0015994065819691025;0.0007871457843970225;-0.024857243076448654
1963;21.067612171173096;0.010820999999999997;-0.0015994065819691025;-0.007163821734764805;-0.02635223574358303
1964;21.078346252441406;0.010820999999999997;-8.910763771121516e-05;-0.0031883379751838914;-0.02635223574358303
1965;21.08907127380371;0.010820999999999997;-8.910763771121516e-05;-0.0031883379751838914;-0.02635223574358303
1966;21.099787712097168;0.010820999999999997;-8.910763771121516e-05;0.0007871457843970225;-0.024857243076448654
1967;21.11051106452942;0.009820999999999996;-8.910763771121516e-05;-0.0031883379751838914;-0.02336225040931339
1968;21.12123680114746;0.009820999999999996;-0.0015994065819691025;-0.0031883379751838914;-0.02635223574358303
1969;21.13196063041687;0.009820999999999996;-8.910763771121516e-05;-0.0031883379751838914;-0.02635223574358303
1970;21.14272403717041;0.010820999999999997;-0.0015994065819691025;-0.0031883379751838914;-0.02635223574358303
1971;21.15345549583435;0.009820999999999996;-8.910763771121516e-05;-0.007163821734764805;-0.02336225040931339
1972;21.16417908668518;0.010820999999999997;-0.0015994065819691025;-0.0031883379751838914;-0.02635223574358303
1973;21.1749050617218;0.009820999999999996;-0.0015994065819691025;-0.0031883379751838914;-0.027847228410717406
1974;21.18562626838684;0.010820999999999997;-8.910763771121516e-05;0.0007871457843970225;-0.02635223574358303
1975;21.196351051330566;0.010820999999999997;0.0014211913065466722;-0.0031883379751838914;-0.02635223574358303
1976;21.207071542739868;0.011820999999999998;-0.0015994065819691025;-0.0031883379751838914;-0.024857243076448654
1977;21.21779227256775;0.009820999999999996;-8.910763771121516e-05;-0.0031883379751838914;-0.027847228410717406
1978;21.22851872444153;0.010820999999999997;-8.910763771121516e-05;0.0007871457843970225;-0.024857243076448654
1979;21.23923969268799;0.010820999999999997;-0.0015994065819691025;-0.0031883379751838914;-0.02635223574358303
1980;21.2500581741333;0.009820999999999996;-8.910763771121516e-05;-0.0031883379751838914;-0.024857243076448654
1981;21.260777711868286;0.010820999999999997;-8.910763771121516e-05;-0.0031883379751838914;-0.02336225040931339
1982;21.27150321006775;0.008820999999999996;-8.910763771121516e-05;-0.007163821734764805;-0.02635223574358303
1983;21.282225370407104;0.009820999999999996;-8.910763771121516e-05;-0.0031883379751838914;-0.02336225040931339
1984;21.292954921722412;0.010820999999999997;0.0014211913065466722;-0.007163821734764805;-0.024857243076448654
1985;21.30367374420166;0.010820999999999997;-0.0015994065819691025;-0.007163821734764805;-0.02336225040931339
1986;21.3144109249115;0.011820999999999998;0.0014211913065466722;-0.0031883379751838914;-0.024857243076448654
1987;21.325141429901123;0.009820999999999996;-0.0015994065819691025;-0.0031883379751838914;-0.02635223574358303
1988;21.335866689682007;0.008820999999999996;-8.910763771121516e-05;-0.0031883379751838914;-0.024857243076448654
1989;21.346637964248657;0.010820999999999997;-0.0015994065819691025;-0.0031883379751838914;-0.024857243076448654
1990;21.35736870765686;0.009820999999999996;-8.910763771121516e-05;-0.0031883379751838914;-0.024857243076448654
1991;21.368102073669434;0.009820999999999996;-8.910763771121516e-05;-0.0031883379751838914;-0.02336225040931339
1992;21.37883496284485;0.008820999999999996;-8.910763771121516e-05;-0.0031883379751838914;-0.024857243076448654
1993;21.38956069946289;0.008820999999999996;-8.910763771121516e-05;0.0007871457843970225;-0.024857243076448654
1994;21.40028977394104;0.009820999999999996;-0.0015994065819691025;-0.0031883379751838914;-0.02336225040931339
1995;21.411017417907715;0.009820999999999996;-8.910763771121516e-05;0.0007871457843970225;-0.02336225040931339
1996;21.42174506187439;0.011820999999999998;-0.0015994065819691025;-0.0031883379751838914;-0.02635223574358303
1997;21.43247365951538;0.008820999999999996;-8.910763771121516e-05;-0.0031883379751838914;-0.027847228410717406
1998;21.443198919296265;0.009820999999999996;-8.910763771121516e-05;-0.0031883379751838914;-0.02635223574358303
1999;21.453960180282593;0.009820999999999996;-8.910763771121516e-05;-0.0031883379751838914;-0.02635223574358303
2000;21.464688301086426;0.009820999999999996;-0.0015994065819691025;-0.0031883379751838914;-0.02635223574358303
2001;21.4754159450531;0.010820999999999997;-0.0015994065819691025;-0.0031883379751838914;-0.027847228410717406
2002;21.48615002632141;0.008820999999999996;-8.910763771121516e-05;-0.0031883379751838914;-0.027847228410717406
2003;21.49687933921814;0.010820999999999997;-8.910763771121516e-05;0.0007871457843970225;-0.02635223574358303
2004;21.507602214813232;0.009820999999999996;-0.0015994065819691025;-0.0031883379751838914;-0.024857243076448654
2005;21.518332719802856;0.011820999999999998;-8.910763771121516e-05;-0.0031883379751838914;-0.02635223574358303
2006;21.52905511856079;0.010820999999999997;-8.910763771121516e-05;-0.007163821734764805;-0.02635223574358303
2007;21.539771556854248;0.010820999999999997;-8.910763771121516e-05;0.0007871457843970225;-0.027847228410717406
2008;21.55059814453125;0.010820999999999997;-0.0015994065819691025;-0.0031883379751838914;-0.02635223574358303
2009;21.561320781707764;0.010820999999999997;-8.910763771121516e-05;-0.007163821734764805;-0.024857243076448654
2010;21.572038173675537;0.011820999999999998;-8.910763771121516e-05;-0.0031883379751838914;-0.024857243076448654
2011;21.58276057243347;0.008820999999999996;-8.910763771121516e-05;-0.007163821734764805;-0.024857243076448654
2012;21.593505859375;0.009820999999999996;-8.910763771121516e-05;-0.0031883379751838914;-0.02635223574358303
2013;21.604228973388672;0.011820999999999998;-0.0015994065819691025;0.0007871457843970225;-0.027847228410717406
2014;21.614962339401245;0.010820999999999997;-0.0015994065819691025;0.0007871457843970225;-0.024857243076448654
2015;21.625683069229126;0.010820999999999997;-8.910763771121516e-05;0.0007871457843970225;-0.024857243076448654
2016;21.636414289474487;0.010820999999999997;-0.0015994065819691025;-0.007163821734764805;-0.02336225040931339
2017;21.6472327709198;0.011820999999999998;-8.910763771121516e-05;0.0007871457843970225;-0.02635223574358303
2018;21.658002376556396;0.010820999999999997;-0.0015994065819691025;-0.007163821734764805;-0.02635223574358303
2019;21.668726921081543;0.010820999999999997;0.0014211913065466722;-0.0031883379751838914;-0.024857243076448654
2020;21.67945170402527;0.010820999999999997;-0.0015994065819691025;-0.007163821734764805;-0.024857243076448654
2021;21.690170288085938;0.010820999999999997;0.0014211913065466722;-0.0031883379751838914;-0.024857243076448654
2022;21.700889825820923;0.010820999999999997;-8.910763771121516e-05;-0.0031883379751838914;-0.02336225040931339
2023;21.711608171463013;0.011820999999999998;-0.0015994065819691025;-0.0031883379751838914;-0.02336225040931339
2024;21.722326517105103;0.009820999999999996;-0.0015994065819691025;-0.0031883379751838914;-0.024857243076448654
2025;21.73305106163025;0.010820999999999997;-8.910763771121516e-05;-0.0031883379751838914;-0.02635223574358303
2026;21.74377417564392;0.012820999999999999;-0.0015994065819691025;-0.0031883379751838914;-0.02635223574358303
2027;21.754536628723145;0.011820999999999998;-8.910763771121516e-05;-0.0031883379751838914;-0.02934222107785267
2028;21.765361070632935;0.010820999999999997;-8.910763771121516e-05;-0.0031883379751838914;-0.02635223574358303
2029;21.776083946228027;0.012820999999999999;-8.910763771121516e-05;-0.0031883379751838914;-0.024857243076448654
2030;21.78681445121765;0.011820999999999998;-8.910763771121516e-05;-0.007163821734764805;-0.024857243076448654
2031;21.79757046699524;0.011820999999999998;-0.0015994065819691025;-0.0031883379751838914;-0.02635223574358303
2032;21.808292627334595;0.009820999999999996;-8.910763771121516e-05;0.0007871457843970225;-0.02635223574358303
2033;21.820366144180298;0.011820999999999998;-0.0015994065819691025;-0.0031883379751838914;-0.024857243076448654
2034;21.831107139587402;0.010820999999999997;-8.910763771121516e-05;-0.0031883379751838914;-0.024857243076448654
2035;21.841830253601074;0.010820999999999997;-8.910763771121516e-05;0.0007871457843970225;-0.024857243076448654
2036;21.852665901184082;0.009820999999999996;-8.910763771121516e-05;0.0007871457843970225;-0.024857243076448654
2037;21.86334776878357;0.010820999999999997;-0.0015994065819691025;-0.007163821734764805;-0.024857243076448654
2038;21.87406897544861;0.010820999999999997;-0.0015994065819691025;-0.0031883379751838914;-0.02336225040931339
2039;21.8847918510437;0.009820999999999996;-0.0015994065819691025;-0.0031883379751838914;-0.024857243076448654
2040;21.89552092552185;0.009820999999999996;-8.910763771121516e-05;0.0007871457843970225;-0.02635223574358303
2041;21.90623712539673;0.010820999999999997;-0.0015994065819691025;-0.0031883379751838914;-0.02336225040931339
2042;21.916956663131714;0.008820999999999996;0.0014211913065466722;-0.0031883379751838914;-0.02635223574358303
2043;21.927674055099487;0.009820999999999996;-8.910763771121516e-05;0.0007871457843970225;-0.02336225040931339
2044;21.938400983810425;0.010820999999999997;-8.910763771121516e-05;0.0007871457843970225;-0.024857243076448654
2045;21.949121713638306;0.010820999999999997;-0.0015994065819691025;-0.007163821734764805;-0.024857243076448654
2046;21.959899187088013;0.009820999999999996;-0.0015994065819691025;0.0007871457843970225;-0.024857243076448654
2047;21.970659494400024;0.009820999999999996;0.0014211913065466722;-0.007163821734764805;-0.02635223574358303
2048;21.98138451576233;0.010820999999999997;-8.910763771121516e-05;0.0007871457843970225;-0.024857243076448654
2049;21.992109298706055;0.009820999999999996;-8.910763771121516e-05;-0.0031883379751838914;-0.027847228410717406
2050;22.002834796905518;0.010820999999999997;-8.910763771121516e-05;0.0007871457843970225;-0.02635223574358303
2051;22.013551473617554;0.009820999999999996;-8.910763771121516e-05;-0.007163821734764805;-0.02635223574358303
2052;22.024279832839966;0.010820999999999997;-0.0015994065819691025;-0.0031883379751838914;-0.024857243076448654
2053;22.035009145736694;0.009820999999999996;-0.0015994065819691025;-0.0031883379751838914;-0.024857243076448654
2054;22.045741319656372;0.009820999999999996;-8.910763771121516e-05;-0.0031883379751838914;-0.02635223574358303
2055;22.056501865386963;0.008820999999999996;-8.910763771121516e-05;-0.0031883379751838914;-0.02635223574358303
2056;22.067272901535034;0.008820999999999996;-8.910763771121516e-05;-0.007163821734764805;-0.02635223574358303
2057;22.078044652938843;0.009820999999999996;-8.910763771121516e-05;-0.0031883379751838914;-0.02934222107785267
2058;22.088768482208252;0.008820999999999996;0.0014211913065466722;-0.0031883379751838914;-0.02336225040931339
2059;22.099501132965088;0.010820999999999997;-8.910763771121516e-05;-0.0031883379751838914;-0.024857243076448654
2060;22.110219478607178;0.009820999999999996;-8.910763771121516e-05;-0.007163821734764805;-0.02635223574358303
2061;22.1209454536438;0.009820999999999996;-8.910763771121516e-05;0.0007871457843970225;-0.027847228410717406
2062;22.131664037704468;0.009820999999999996;-0.0015994065819691025;-0.007163821734764805;-0.02635223574358303
2063;22.142422199249268;0.009820999999999996;-8.910763771121516e-05;-0.0031883379751838914;-0.02336225040931339
2064;22.153186082839966;0.009820999999999996;-8.910763771121516e-05;-0.0031883379751838914;-0.021867257742179014
2065;22.16390609741211;0.010820999999999997;-0.0015994065819691025;-0.007163821734764805;-0.027847228410717406
2066;22.17467451095581;0.010820999999999997;-8.910763771121516e-05;-0.0031883379751838914;-0.02635223574358303
2067;22.185404777526855;0.010820999999999997;-8.910763771121516e-05;-0.0031883379751838914;-0.024857243076448654
2068;22.19612145423889;0.011820999999999998;-8.910763771121516e-05;-0.0031883379751838914;-0.02336225040931339
2069;22.206846475601196;0.009820999999999996;-0.0015994065819691025;-0.0031883379751838914;-0.021867257742179014
2070;22.21756148338318;0.009820999999999996;-8.910763771121516e-05;-0.0031883379751838914;-0.02635223574358303
2071;22.228288650512695;0.010820999999999997;0.0014211913065466722;-0.0031883379751838914;-0.027847228410717406
2072;22.23901653289795;0.009820999999999996;-8.910763771121516e-05;-0.0031883379751838914;-0.02635223574358303
2073;22.249780654907227;0.010820999999999997;-0.0015994065819691025;0.0007871457843970225;-0.021867257742179014
2074;22.260507345199585;0.009820999999999996;-8.910763771121516e-05;-0.0031883379751838914;-0.02336225040931339
2075;22.27123498916626;0.009820999999999996;-8.910763771121516e-05;-0.007163821734764805;-0.027847228410717406
2076;22.281957149505615;0.010820999999999997;0.0014211913065466722;-0.0031883379751838914;-0.027847228410717406
2077;22.292720556259155;0.009820999999999996;-8.910763771121516e-05;-0.0031883379751838914;-0.02635223574358303
2078;22.303446054458618;0.008820999999999996;-8.910763771121516e-05;-0.007163821734764805;-0.02336225040931339
2079;22.314167976379395;0.008820999999999996;-8.910763771121516e-05;-0.0031883379751838914;-0.02635223574358303
2080;22.324891805648804;0.008820999999999996;-0.0015994065819691025;-0.0031883379751838914;-0.02635223574358303
2081;22.335607290267944;0.009820999999999996;-8.910763771121516e-05;-0.0031883379751838914;-0.027847228410717406
2082;22.34633493423462;0.010820999999999997;0.0014211913065466722;-0.0031883379751838914;-0.027847228410717406
2083;22.357109308242798;0.010820999999999997;-8.910763771121516e-05;-0.0031883379751838914;-0.02635223574358303
2084;22.367834329605103;0.009820999999999996;-0.0015994065819691025;-0.0031883379751838914;-0.02635223574358303
2085;22.378548622131348;0.010820999999999997;-0.0015994065819691025;-0.0031883379751838914;-0.02635223574358303
2086;22.38927412033081;0.010820999999999997;-0.0015994065819691025;-0.0031883379751838914;-0.027847228410717406
2087;22.40004849433899;0.010820999999999997;-0.0015994065819691025;-0.0031883379751838914;-0.027847228410717406
2088;22.41077446937561;0.008820999999999996;-8.910763771121516e-05;-0.0031883379751838914;-0.02635223574358303
2089;22.421498775482178;0.010820999999999997;-8.910763771121516e-05;-0.0031883379751838914;-0.024857243076448654
2090;22.432224988937378;0.009820999999999996;-8.910763771121516e-05;0.0007871457843970225;-0.024857243076448654
2091;22.442950010299683;0.008820999999999996;-8.910763771121516e-05;-0.0031883379751838914;-0.024857243076448654
2092;22.453718185424805;0.010820999999999997;-8.910763771121516e-05;-0.007163821734764805;-0.02336225040931339
2093;22.464443683624268;0.008820999999999996;-0.0015994065819691025;-0.007163821734764805;-0.02635223574358303
2094;22.47517204284668;0.009820999999999996;-0.0015994065819691025;-0.0031883379751838914;-0.024857243076448654
2095;22.48591375350952;0.009820999999999996;0.0014211913065466722;-0.0031883379751838914;-0.02336225040931339
2096;22.496642351150513;0.009820999999999996;-0.0015994065819691025;-0.007163821734764805;-0.024857243076448654
2097;22.507378339767456;0.009820999999999996;-0.00310970552622699;-0.0031883379751838914;-0.02635223574358303
2098;22.518107891082764;0.010820999999999997;-8.910763771121516e-05;-0.0031883379751838914;-0.02635223574358303
2099;22.52883768081665;0.010820999999999997;-0.0015994065819691025;-0.0031883379751838914;-0.02336225040931339
2100;22.539560079574585;0.009820999999999996;-8.910763771121516e-05;-0.0031883379751838914;-0.024857243076448654
2101;22.550283432006836;0.010820999999999997;-8.910763771121516e-05;-0.007163821734764805;-0.02635223574358303
2102;22.561041355133057;0.010820999999999997;0.0014211913065466722;-0.0031883379751838914;-0.027847228410717406
2103;22.571766138076782;0.011820999999999998;-8.910763771121516e-05;0.0007871457843970225;-0.027847228410717406
2104;22.58248734474182;0.010820999999999997;-8.910763771121516e-05;-0.0031883379751838914;-0.02635223574358303
2105;22.59326434135437;0.009820999999999996;-0.0015994065819691025;-0.0031883379751838914;-0.024857243076448654
2106;22.603986024856567;0.010820999999999997;-0.0015994065819691025;-0.0031883379751838914;-0.02635223574358303
2107;22.61471438407898;0.009820999999999996;-8.910763771121516e-05;0.0007871457843970225;-0.027847228410717406
2108;22.62543511390686;0.010820999999999997;-0.0015994065819691025;-0.0031883379751838914;-0.02635223574358303
2109;22.636154413223267;0.010820999999999997;-8.910763771121516e-05;-0.0031883379751838914;-0.02635223574358303
2110;22.646873474121094;0.010820999999999997;-0.0015994065819691025;-0.0031883379751838914;-0.02635223574358303
2111;22.657601833343506;0.009820999999999996;-8.910763771121516e-05;0.0007871457843970225;-0.02635223574358303
2112;22.6683292388916;0.009820999999999996;-0.0015994065819691025;-0.0031883379751838914;-0.02635223574358303
2113;22.679049968719482;0.009820999999999996;-8.910763771121516e-05;-0.0031883379751838914;-0.02635223574358303
2114;22.68978762626648;0.009820999999999996;0.0014211913065466722;0.0007871457843970225;-0.024857243076448654
2115;22.70051074028015;0.009820999999999996;-0.0015994065819691025;0.0007871457843970225;-0.02635223574358303
2116;22.71123719215393;0.009820999999999996;-8.910763771121516e-05;-0.0031883379751838914;-0.024857243076448654
2117;22.7219557762146;0.010820999999999997;-0.00310970552622699;-0.007163821734764805;-0.02635223574358303
2118;22.732733249664307;0.010820999999999997;-0.0015994065819691025;-0.0031883379751838914;-0.02336225040931339
2119;22.743455410003662;0.010820999999999997;-0.0015994065819691025;-0.0031883379751838914;-0.024857243076448654
2120;22.754217386245728;0.009820999999999996;-0.0015994065819691025;-0.0031883379751838914;-0.02336225040931339
2121;22.76495385169983;0.010820999999999997;-8.910763771121516e-05;-0.0031883379751838914;-0.024857243076448654
2122;22.77567219734192;0.009820999999999996;-0.0015994065819691025;-0.007163821734764805;-0.02635223574358303
2123;22.786396980285645;0.009820999999999996;-0.0015994065819691025;-0.0031883379751838914;-0.024857243076448654
2124;22.797122716903687;0.009820999999999996;-0.0015994065819691025;-0.0031883379751838914;-0.02635223574358303
2125;22.807852745056152;0.008820999999999996;-8.910763771121516e-05;-0.0031883379751838914;-0.024857243076448654
2126;22.818578243255615;0.009820999999999996;-8.910763771121516e-05;-0.0031883379751838914;-0.024857243076448654
2127;22.82930040359497;0.011820999999999998;-8.910763771121516e-05;-0.0031883379751838914;-0.027847228410717406
2128;22.8400239944458;0.010820999999999997;-8.910763771121516e-05;-0.007163821734764805;-0.027847228410717406
2129;22.850754261016846;0.009820999999999996;-0.0015994065819691025;-0.0031883379751838914;-0.02635223574358303
2130;22.862825632095337;0.010820999999999997;-0.0015994065819691025;-0.007163821734764805;-0.024857243076448654
2131;22.873555421829224;0.009820999999999996;-0.0015994065819691025;-0.0031883379751838914;-0.02635223574358303
2132;22.884281396865845;0.009820999999999996;-0.00310970552622699;-0.0031883379751838914;-0.027847228410717406
2133;22.895002126693726;0.009820999999999996;-0.0015994065819691025;-0.0031883379751838914;-0.02635223574358303
2134;22.905717372894287;0.010820999999999997;0.0014211913065466722;-0.0031883379751838914;-0.027847228410717406
2135;22.916436433792114;0.010820999999999997;-8.910763771121516e-05;-0.0031883379751838914;-0.024857243076448654
2136;22.927217483520508;0.008820999999999996;-8.910763771121516e-05;0.0007871457843970225;-0.02635223574358303
2137;22.937982320785522;0.010820999999999997;-0.0015994065819691025;-0.007163821734764805;-0.02635223574358303
2138;22.948708534240723;0.010820999999999997;-0.0015994065819691025;-0.0031883379751838914;-0.024857243076448654
2139;22.95947289466858;0.010820999999999997;-8.910763771121516e-05;-0.0031883379751838914;-0.02336225040931339
2140;22.970192670822144;0.010820999999999997;-8.910763771121516e-05;-0.007163821734764805;-0.02635223574358303
2141;22.980915069580078;0.010820999999999997;0.0014211913065466722;-0.0031883379751838914;-0.024857243076448654
2142;22.991636753082275;0.010820999999999997;-8.910763771121516e-05;-0.007163821734764805;-0.024857243076448654
2143;23.002363204956055;0.009820999999999996;-8.910763771121516e-05;-0.007163821734764805;-0.02336225040931339
2144;23.013078212738037;0.009820999999999996;-0.00310970552622699;-0.0031883379751838914;-0.02635223574358303
2145;23.023807525634766;0.009820999999999996;-8.910763771121516e-05;-0.0031883379751838914;-0.02336225040931339
2146;23.034528493881226;0.008820999999999996;-8.910763771121516e-05;-0.007163821734764805;-0.02336225040931339
2147;23.045356273651123;0.009820999999999996;-8.910763771121516e-05;0.0007871457843970225;-0.024857243076448654
2148;23.05607008934021;0.009820999999999996;-8.910763771121516e-05;-0.007163821734764805;-0.02635223574358303
2149;23.06683921813965;0.008820999999999996;-8.910763771121516e-05;-0.0031883379751838914;-0.02635223574358303
2150;23.077573537826538;0.009820999999999996;-8.910763771121516e-05;-0.0031883379751838914;-0.02635223574358303
2151;23.08829617500305;0.010820999999999997;-0.0015994065819691025;-0.007163821734764805;-0.024857243076448654
2152;23.099015951156616;0.009820999999999996;-0.0015994065819691025;-0.0031883379751838914;-0.02635223574358303
2153;23.109736442565918;0.009820999999999996;-8.910763771121516e-05;-0.0031883379751838914;-0.027847228410717406
2154;23.12045979499817;0.010820999999999997;0.0014211913065466722;-0.0031883379751838914;-0.027847228410717406
2155;23.131187677383423;0.010820999999999997;0.0014211913065466722;-0.0031883379751838914;-0.02934222107785267
2156;23.14191174507141;0.009820999999999996;-8.910763771121516e-05;-0.0031883379751838914;-0.02635223574358303
2157;23.152698278427124;0.010820999999999997;-8.910763771121516e-05;-0.0031883379751838914;-0.024857243076448654
2158;23.163514375686646;0.010820999999999997;-8.910763771121516e-05;-0.0031883379751838914;-0.02635223574358303
2159;23.17424774169922;0.010820999999999997;-8.910763771121516e-05;-0.0031883379751838914;-0.02635223574358303
2160;23.184966802597046;0.008820999999999996;-0.0015994065819691025;-0.0031883379751838914;-0.02635223574358303
2161;23.19568943977356;0.008820999999999996;-8.910763771121516e-05;-0.007163821734764805;-0.02336225040931339
2162;23.20641279220581;0.010820999999999997;0.0014211913065466722;-0.0031883379751838914;-0.02635223574358303
2163;23.217134714126587;0.008820999999999996;-0.0015994065819691025;-0.0031883379751838914;-0.027847228410717406
2164;23.227858543395996;0.010820999999999997;-0.0015994065819691025;-0.0031883379751838914;-0.024857243076448654
2165;23.238584756851196;0.009820999999999996;-8.910763771121516e-05;-0.007163821734764805;-0.027847228410717406
2166;23.249312162399292;0.010820999999999997;-0.0015994065819691025;-0.007163821734764805;-0.024857243076448654
2167;23.260075330734253;0.010820999999999997;-8.910763771121516e-05;-0.0031883379751838914;-0.024857243076448654
2168;23.27079963684082;0.0008209999999999884;-0.0015994065819691025;-0.007163821734764805;0.0095275882676491
2169;23.281513690948486;-0.125179;-0.0015994065819691025;-0.0031883379751838914;0.14108694297550084
2170;23.292256832122803;-0.177179;-8.910763771121516e-05;0.0007871457843970225;0.18892670832381064
2171;23.302982330322266;-0.17017900000000002;-8.910763771121516e-05;-0.0031883379751838914;0.19341168632521466
2172;23.313706636428833;-0.157179;-8.910763771121516e-05;-0.0031883379751838914;0.19042170099094502
2173;23.324432611465454;-0.143179;-8.910763771121516e-05;-0.0031883379751838914;0.19042170099094502
2174;23.33517026901245;-0.12917900000000002;-0.0015994065819691025;-0.0031883379751838914;0.1919166936580794
2175;23.345901012420654;-0.117179;-0.0015994065819691025;-0.0031883379751838914;0.18743171565667538
2176;23.35662817955017;-0.10417900000000001;-8.910763771121516e-05;0.0007871457843970225;0.18743171565667538
2177;23.36739706993103;-0.09317900000000001;-0.0015994065819691025;-0.0031883379751838914;0.18444173032240574
2178;23.378122568130493;-0.083179;-0.0015994065819691025;-0.0031883379751838914;0.18444173032240574
2179;23.38884472846985;-0.07317900000000001;0.0014211913065466722;-0.0031883379751838914;0.18294673765527136
2180;23.39957094192505;-0.06517900000000001;-0.0015994065819691025;-0.0031883379751838914;0.181451744988137
2181;23.410308122634888;-0.05817900000000001;-8.910763771121516e-05;0.0007871457843970225;0.181451744988137
2182;23.42103672027588;-0.05117900000000001;-8.910763771121516e-05;-0.0031883379751838914;0.17696676698673297
2183;23.4317729473114;-0.04517900000000001;-8.910763771121516e-05;-0.0031883379751838914;0.17397678165246333
2184;23.442555904388428;-0.04117900000000001;-8.910763771121516e-05;-0.0031883379751838914;0.17696676698673297
2185;23.45333170890808;-0.038179000000000005;-0.0015994065819691025;0.0007871457843970225;0.17397678165246333
2186;23.46405577659607;-0.03417900000000001;-0.0015994065819691025;0.0007871457843970225;0.17248178898532895
2187;23.47478413581848;-0.02917900000000001;-0.0015994065819691025;-0.0031883379751838914;0.17248178898532895
2188;23.485504627227783;-0.026179000000000008;-8.910763771121516e-05;-0.0031883379751838914;0.17248178898532895
2189;23.496233701705933;-0.023179000000000005;-8.910763771121516e-05;-0.0031883379751838914;0.16949180365105931
2190;23.506961345672607;-0.022179000000000004;-0.0015994065819691025;-0.0031883379751838914;0.16949180365105931
2191;23.517688512802124;-0.018179;-8.910763771121516e-05;0.0007871457843970225;0.16799681098392494
2192;23.52841567993164;-0.014179000000000011;-0.0015994065819691025;0.0007871457843970225;0.16650181831678967
2193;23.539148569107056;-0.011179000000000008;0.0014211913065466722;0.0007871457843970225;0.16650181831678967
2194;23.549928426742554;-0.008179000000000006;-8.910763771121516e-05;0.0007871457843970225;0.1650068256496553
2195;23.560736656188965;-0.0011790000000000134;-0.0015994065819691025;-0.0031883379751838914;0.16201684031538566
2196;23.571462154388428;0.0008209999999999884;-8.910763771121516e-05;-0.007163821734764805;0.16201684031538566
2197;23.582183599472046;0.003820999999999991;-0.0015994065819691025;-0.0031883379751838914;0.16052184764825128
2198;23.592902898788452;0.005820999999999993;-8.910763771121516e-05;-0.0031883379751838914;0.1590268549811169
2199;23.603623390197754;0.007820999999999995;-8.910763771121516e-05;-0.0031883379751838914;0.16052184764825128
2200;23.614346504211426;0.009820999999999996;-8.910763771121516e-05;-0.007163821734764805;0.15753186231398164
2201;23.625065088272095;0.012820999999999999;-8.910763771121516e-05;-0.0031883379751838914;0.1545418769797129
2202;23.63579487800598;0.01682099999999999;-0.0015994065819691025;-0.0031883379751838914;0.1545418769797129
2203;23.64651608467102;0.01682099999999999;-8.910763771121516e-05;0.0007871457843970225;0.15304688431257762
2204;23.657290935516357;0.020820999999999992;-0.0015994065819691025;-0.0031883379751838914;0.1545418769797129
2205;23.66806697845459;0.022820999999999994;-8.910763771121516e-05;-0.0031883379751838914;0.15005689897830887
2206;23.678783655166626;0.023820999999999995;-0.0015994065819691025;-0.007163821734764805;0.15005689897830887
2207;23.689505100250244;0.024820999999999996;0.0014211913065466722;0.0007871457843970225;0.14557192097690486
2208;23.700231313705444;0.024820999999999996;-8.910763771121516e-05;-0.0031883379751838914;0.14258193564263522
2209;23.710960865020752;0.026820999999999998;-8.910763771121516e-05;0.0047626295439779365;0.14258193564263522
2210;23.721680641174316;0.030820999999999987;0.0014211913065466722;0.0007871457843970225;0.13959195030836558
2211;23.7324001789093;0.030820999999999987;-0.0015994065819691025;0.0007871457843970225;0.1380969576412312
2212;23.74312734603882;0.030820999999999987;-8.910763771121516e-05;-0.0031883379751838914;0.13361197963982718
2213;23.753849983215332;0.03382099999999999;-0.0015994065819691025;-0.0031883379751838914;0.13361197963982718
2214;23.764654397964478;0.03482099999999999;0.0014211913065466722;-0.007163821734764805;0.1321169869726928
2215;23.77541732788086;0.03582099999999999;0.0014211913065466722;0.0007871457843970225;0.12912700163842317
2216;23.786145448684692;0.03682099999999999;-0.0015994065819691025;-0.0031883379751838914;0.12912700163842317
2217;23.796864986419678;0.037820999999999994;-8.910763771121516e-05;0.0007871457843970225;0.12912700163842317
2218;23.807582139968872;0.037820999999999994;-8.910763771121516e-05;-0.0031883379751838914;0.1276320089712888
2219;23.81830143928528;0.039820999999999995;-8.910763771121516e-05;0.0007871457843970225;0.12314703096988477
2220;23.829028129577637;0.041821;0.0014211913065466722;-0.0031883379751838914;0.12314703096988477
2221;23.839754581451416;0.041821;-8.910763771121516e-05;-0.007163821734764805;0.12165203830274951
2222;23.850482940673828;0.041821;-8.910763771121516e-05;0.0007871457843970225;0.12015704563561513
2223;23.861244916915894;0.043821;-0.0015994065819691025;-0.007163821734764805;0.11567206763421112
2224;23.8719744682312;0.042821;-8.910763771121516e-05;-0.0031883379751838914;0.11567206763421112
2225;23.882697343826294;0.042821;-0.0015994065819691025;-0.0031883379751838914;0.11268208229994148
2226;23.894783973693848;0.043821;-8.910763771121516e-05;-0.0031883379751838914;0.11268208229994148
2227;23.90553307533264;0.043821;-0.0015994065819691025;-0.0031883379751838914;0.1111870896328071
2228;23.91625475883484;0.044821;-8.910763771121516e-05;-0.0031883379751838914;0.10969209696567273
2229;23.9269757270813;0.044821;-0.0015994065819691025;-0.0031883379751838914;0.10520711896426871
2230;23.937689542770386;0.044821;-8.910763771121516e-05;0.0007871457843970225;0.10371212629713344
2231;23.948378801345825;0.045821;-8.910763771121516e-05;0.0007871457843970225;0.10221713362999907
2232;23.959088563919067;0.045821;-8.910763771121516e-05;-0.0031883379751838914;0.09922714829572943
2233;23.969890832901;0.044821;-8.910763771121516e-05;-0.007163821734764805;0.09623716296146068
2234;23.980655670166016;0.045821;0.0014211913065466722;-0.0031883379751838914;0.09623716296146068
2235;23.99135947227478;0.045821;-8.910763771121516e-05;-0.0031883379751838914;0.09623716296146068
2236;24.002113580703735;0.046821;0.0014211913065466722;-0.0031883379751838914;0.09474217029432541
2237;24.012820720672607;0.046821;-8.910763771121516e-05;-0.0031883379751838914;0.09324717762719104
2238;24.023531675338745;0.045821;0.0014211913065466722;-0.0031883379751838914;0.08726720695865264
2239;24.034241914749146;0.046821;-0.0015994065819691025;0.0007871457843970225;0.0902571922929214
2240;24.04495596885681;0.048821;-8.910763771121516e-05;-0.0031883379751838914;0.08577221429151738
2241;24.055671215057373;0.048821;-8.910763771121516e-05;-0.0031883379751838914;0.08577221429151738
2242;24.06642436981201;0.049821000000000004;-8.910763771121516e-05;-0.0031883379751838914;0.08128723629011336
2243;24.07714009284973;0.049821000000000004;-0.00310970552622699;-0.0031883379751838914;0.08128723629011336
2244;24.087855577468872;0.050821000000000005;-8.910763771121516e-05;-0.0031883379751838914;0.08128723629011336
2245;24.098573446273804;0.05282100000000001;-0.0015994065819691025;0.0007871457843970225;0.07979224362297899
2246;24.109292030334473;0.05382100000000001;-8.910763771121516e-05;0.0007871457843970225;0.07979224362297899
2247;24.120012760162354;0.05382100000000001;-8.910763771121516e-05;0.0007871457843970225;0.07979224362297899
2248;24.130730867385864;0.05482100000000001;-0.0015994065819691025;-0.0031883379751838914;0.07680225828870935
2249;24.14145302772522;0.05582099999999998;0.0014211913065466722;0.0007871457843970225;0.07680225828870935
2250;24.152164220809937;0.05682099999999998;-0.0015994065819691025;-0.0031883379751838914;0.07530726562157497
2251;24.162883281707764;0.05682099999999998;-8.910763771121516e-05;-0.0031883379751838914;0.07530726562157497
2252;24.1736421585083;0.057820999999999984;-0.0015994065819691025;0.0007871457843970225;0.07082228762017095
2253;24.184354066848755;0.05682099999999998;-0.0015994065819691025;-0.0031883379751838914;0.07231728028730533
2254;24.195067644119263;0.058820999999999984;-0.0015994065819691025;-0.0031883379751838914;0.07082228762017095
2255;24.20578932762146;0.057820999999999984;-0.0015994065819691025;-0.0031883379751838914;0.06783230228590131
2256;24.216503858566284;0.057820999999999984;-8.910763771121516e-05;-0.0031883379751838914;0.06783230228590131
2257;24.22727632522583;0.058820999999999984;-0.00310970552622699;0.0007871457843970225;0.06484231695163167
2258;24.238038539886475;0.05682099999999998;0.0014211913065466722;0.0007871457843970225;0.06633730961876694
2259;24.248746871948242;0.057820999999999984;0.0014211913065466722;-0.0031883379751838914;0.0633473242844973
2260;24.259456634521484;0.05682099999999998;0.0014211913065466722;-0.0031883379751838914;0.06633730961876694
2261;24.270205974578857;0.05682099999999998;-8.910763771121516e-05;-0.0031883379751838914;0.0633473242844973
2262;24.280920267105103;0.05682099999999998;-8.910763771121516e-05;-0.0031883379751838914;0.0633473242844973
2263;24.291626453399658;0.057820999999999984;-0.0015994065819691025;-0.007163821734764805;0.0633473242844973
2264;24.302342891693115;0.05682099999999998;-0.0015994065819691025;-0.0031883379751838914;0.0633473242844973
2265;24.313061237335205;0.05682099999999998;-8.910763771121516e-05;0.0007871457843970225;0.0633473242844973
2266;24.323769330978394;0.057820999999999984;-0.0015994065819691025;0.0007871457843970225;0.06484231695163167
2267;24.33447003364563;0.05682099999999998;-8.910763771121516e-05;-0.0031883379751838914;0.06185233161736292
2268;24.345305681228638;0.057820999999999984;0.0014211913065466722;-0.007163821734764805;0.06185233161736292
2269;24.356019496917725;0.05682099999999998;-0.0015994065819691025;-0.0031883379751838914;0.0633473242844973
2270;24.36676859855652;0.057820999999999984;-8.910763771121516e-05;-0.0031883379751838914;0.0633473242844973
2271;24.377525568008423;0.05582099999999998;-0.0015994065819691025;0.0007871457843970225;0.0633473242844973
2272;24.388230800628662;0.05682099999999998;-8.910763771121516e-05;0.0007871457843970225;0.06185233161736292
2273;24.398941040039062;0.058820999999999984;-8.910763771121516e-05;-0.0031883379751838914;0.0633473242844973
2274;24.409656763076782;0.05682099999999998;-8.910763771121516e-05;0.0007871457843970225;0.06185233161736292
2275;24.420362949371338;0.058820999999999984;-0.0015994065819691025;-0.0031883379751838914;0.06185233161736292
2276;24.43108630180359;0.058820999999999984;-0.0015994065819691025;0.0007871457843970225;0.0633473242844973
2277;24.4418044090271;0.057820999999999984;-8.910763771121516e-05;-0.0031883379751838914;0.0633473242844973
2278;24.452576160430908;0.057820999999999984;-0.0015994065819691025;-0.0031883379751838914;0.06185233161736292
2279;24.463345527648926;0.058820999999999984;0.0014211913065466722;-0.0031883379751838914;0.05886234628309328
2280;24.474109172821045;0.058820999999999984;-0.0015994065819691025;-0.007163821734764805;0.057367353615958905
2281;24.48483920097351;0.058820999999999984;0.0014211913065466722;-0.0031883379751838914;0.057367353615958905
2282;24.495551824569702;0.059820999999999985;-8.910763771121516e-05;-0.0031883379751838914;0.05288237561455489
2283;24.506270170211792;0.059820999999999985;-8.910763771121516e-05;-0.0031883379751838914;0.05288237561455489
2284;24.51698899269104;0.059820999999999985;-0.0015994065819691025;0.0007871457843970225;0.04989239028028525
2285;24.527701377868652;0.060820999999999986;-8.910763771121516e-05;0.0007871457843970225;0.04839739761315087
2286;24.538421392440796;0.059820999999999985;-0.0015994065819691025;-0.0031883379751838914;0.04839739761315087
2287;24.549141883850098;0.060820999999999986;-0.0015994065819691025;0.0007871457843970225;0.043912419611746856
2288;24.55992865562439;0.060820999999999986;-8.910763771121516e-05;-0.0031883379751838914;0.04241742694461159
2289;24.570731163024902;0.060820999999999986;-8.910763771121516e-05;-0.0031883379751838914;0.037932448943207575
2290;24.581455945968628;0.060820999999999986;-8.910763771121516e-05;0.0007871457843970225;0.03942744161034284
2291;24.59216594696045;0.060820999999999986;-8.910763771121516e-05;-0.007163821734764805;0.03494246360893882
2292;24.602882623672485;0.060820999999999986;0.0014211913065466722;-0.0031883379751838914;0.03195247827466918
2293;24.613596200942993;0.058820999999999984;-8.910763771121516e-05;-0.0031883379751838914;0.03195247827466918
2294;24.62431836128235;0.059820999999999985;0.0014211913065466722;-0.011139305494345733;0.028962492940399542
2295;24.635037660598755;0.058820999999999984;-8.910763771121516e-05;0.0007871457843970225;0.028962492940399542
2296;24.645748376846313;0.058820999999999984;-0.0015994065819691025;-0.0031883379751838914;0.024477514938995526
2297;24.656459093093872;0.05582099999999998;-8.910763771121516e-05;0.0007871457843970225;0.024477514938995526
2298;24.667231559753418;0.05482100000000001;0.0014211913065466722;-0.0031883379751838914;0.024477514938995526
2299;24.678086519241333;0.05582099999999998;-0.0015994065819691025;-0.0031883379751838914;0.02298252227186115
2300;24.688808917999268;0.05382100000000001;-8.910763771121516e-05;-0.007163821734764805;0.021487529604726774
2301;24.699528217315674;0.05282100000000001;-0.0015994065819691025;-0.0031883379751838914;0.02298252227186115
2302;24.71025252342224;0.050821000000000005;-8.910763771121516e-05;-0.0031883379751838914;0.021487529604726774
2303;24.720975160598755;0.051821000000000006;-8.910763771121516e-05;-0.0031883379751838914;0.021487529604726774
2304;24.73169207572937;0.051821000000000006;-0.0015994065819691025;-0.007163821734764805;0.01999253693759151
2305;24.74241328239441;0.049821000000000004;-8.910763771121516e-05;-0.0031883379751838914;0.01999253693759151
2306;24.75314474105835;0.050821000000000005;-8.910763771121516e-05;0.0007871457843970225;0.021487529604726774
2307;24.76387119293213;0.048821;-8.910763771121516e-05;-0.0031883379751838914;0.02298252227186115
2308;24.77468252182007;0.047821;-0.0015994065819691025;-0.0031883379751838914;0.02298252227186115
2309;24.78541374206543;0.046821;-8.910763771121516e-05;-0.0031883379751838914;0.021487529604726774
2310;24.796139240264893;0.046821;-0.0015994065819691025;-0.0031883379751838914;0.024477514938995526
2311;24.806868076324463;0.045821;-8.910763771121516e-05;-0.007163821734764805;0.02597250760613079
2312;24.817598342895508;0.045821;-8.910763771121516e-05;-0.0031883379751838914;0.024477514938995526
2313;24.82831859588623;0.043821;-8.910763771121516e-05;-0.0031883379751838914;0.027467500273265166
2314;24.839037895202637;0.045821;-8.910763771121516e-05;0.0007871457843970225;0.027467500273265166
2315;24.849770069122314;0.042821;-0.00310970552622699;-0.0031883379751838914;0.027467500273265166
2316;24.860491275787354;0.040820999999999996;-8.910763771121516e-05;-0.0031883379751838914;0.027467500273265166
2317;24.87125277519226;0.039820999999999995;-8.910763771121516e-05;0.0007871457843970225;0.028962492940399542
2318;24.882017850875854;0.037820999999999994;-0.0015994065819691025;-0.0031883379751838914;0.03195247827466918
2319;24.892742156982422;0.03582099999999999;-8.910763771121516e-05;-0.0031883379751838914;0.03195247827466918
2320;24.90346622467041;0.03282099999999999;-8.910763771121516e-05;-0.0031883379751838914;0.03195247827466918
2321;24.914185285568237;0.028821;-0.0015994065819691025;0.0007871457843970225;0.03494246360893882
2322;24.924907684326172;0.024820999999999996;-8.910763771121516e-05;-0.0031883379751838914;0.037932448943207575
2323;24.936981916427612;0.01882099999999999;-8.910763771121516e-05;-0.0031883379751838914;0.0364374562760732
2324;24.947710275650024;0.013821;-8.910763771121516e-05;-0.0031883379751838914;0.040922434277477215
2325;24.95842981338501;0.007820999999999995;-8.910763771121516e-05;-0.007163821734764805;0.040922434277477215
2326;24.969155311584473;0.0008209999999999884;-8.910763771121516e-05;-0.0031883379751838914;0.04241742694461159
2327;24.98002028465271;-0.006179000000000004;-0.0015994065819691025;0.0007871457843970225;0.043912419611746856
2328;24.990748405456543;-0.01317900000000001;-8.910763771121516e-05;-0.0031883379751838914;0.04540741227888123
2329;25.001468896865845;-0.019179;-0.0015994065819691025;0.0007871457843970225;0.04540741227888123
2330;25.01218318939209;-0.02717900000000001;-8.910763771121516e-05;0.0007871457843970225;0.04540741227888123
2331;25.0229172706604;-0.03417900000000001;-8.910763771121516e-05;0.0007871457843970225;0.04540741227888123
2332;25.03364086151123;-0.04317900000000001;-8.910763771121516e-05;-0.0031883379751838914;0.04540741227888123
2333;25.04435706138611;-0.05017900000000001;0.0014211913065466722;-0.0031883379751838914;0.04690240494601561
2334;25.055081605911255;-0.06017900000000001;-0.0015994065819691025;0.0007871457843970225;0.04839739761315087
2335;25.065808296203613;-0.070179;-0.0015994065819691025;-0.0031883379751838914;0.04540741227888123
2336;25.076573371887207;-0.07817900000000001;-8.910763771121516e-05;-0.007163821734764805;0.04540741227888123
2337;25.087348699569702;-0.08917900000000001;-8.910763771121516e-05;-0.0031883379751838914;0.04540741227888123
2338;25.09807515144348;-0.09417900000000001;-8.910763771121516e-05;-0.0031883379751838914;0.04540741227888123
2339;25.108808994293213;-0.102179;-8.910763771121516e-05;-0.0031883379751838914;0.04241742694461159
2340;25.119529247283936;-0.10917900000000001;-0.0015994065819691025;-0.0031883379751838914;0.04540741227888123
2341;25.130250215530396;-0.117179;-8.910763771121516e-05;-0.0031883379751838914;0.03942744161034284
2342;25.140985012054443;-0.12217900000000001;-0.0015994065819691025;-0.0031883379751838914;0.037932448943207575
2343;25.151718139648438;-0.12717900000000001;-8.910763771121516e-05;0.0007871457843970225;0.0364374562760732
2344;25.16244149208069;-0.13117900000000002;-8.910763771121516e-05;-0.0031883379751838914;0.03344747094180356
2345;25.173207759857178;-0.137179;-0.0015994065819691025;-0.0031883379751838914;0.03344747094180356
2346;25.183955192565918;-0.141179;-0.0015994065819691025;-0.0031883379751838914;0.030457485607534807
2347;25.194689989089966;-0.147179;-8.910763771121516e-05;0.0007871457843970225;0.02597250760613079
2348;25.205426692962646;-0.150179;-8.910763771121516e-05;-0.0031883379751838914;0.028962492940399542
2349;25.216145038604736;-0.154179;-8.910763771121516e-05;-0.0031883379751838914;0.02597250760613079
2350;25.226871252059937;-0.15817900000000001;-8.910763771121516e-05;-0.0031883379751838914;0.024477514938995526
2351;25.237600803375244;-0.16117900000000002;-0.0015994065819691025;-0.0031883379751838914;0.021487529604726774
2352;25.248319387435913;-0.16517900000000002;-8.910763771121516e-05;-0.0031883379751838914;0.018497544270457134
2353;25.259036779403687;-0.16917900000000002;-0.0015994065819691025;0.0007871457843970225;0.01999253693759151
2354;25.269761562347412;-0.17117900000000003;-8.910763771121516e-05;0.0007871457843970225;0.018497544270457134
2355;25.28058433532715;-0.17517900000000003;0.0014211913065466722;0.0007871457843970225;0.018497544270457134
2356;25.29131031036377;-0.17617900000000003;-0.0015994065819691025;-0.0031883379751838914;0.014012566269053117
2357;25.30203080177307;-0.177179;-8.910763771121516e-05;0.0007871457843970225;0.015507558936187493
2358;25.31276249885559;-0.179179;-0.0015994065819691025;-0.0031883379751838914;0.018497544270457134
2359;25.323484420776367;-0.183179;-8.910763771121516e-05;-0.0031883379751838914;0.012517573601918741
2360;25.334210634231567;-0.186179;-8.910763771121516e-05;-0.0031883379751838914;0.014012566269053117
2361;25.344935655593872;-0.185179;-8.910763771121516e-05;-0.0031883379751838914;0.0095275882676491
2362;25.35565185546875;-0.187179;0.0014211913065466722;-0.0031883379751838914;0.011022580934783477
2363;25.36638569831848;-0.188179;0.0029314902508045595;-0.0031883379751838914;0.014012566269053117
2364;25.37714958190918;-0.189179;0.0014211913065466722;0.0007871457843970225;0.008032595600514725
2365;25.3879292011261;-0.188179;-8.910763771121516e-05;-0.0031883379751838914;0.014012566269053117
2366;25.39866065979004;-0.186179;0.0014211913065466722;-0.0031883379751838914;0.0050426102662450845
2367;25.409443616867065;-0.186179;-8.910763771121516e-05;-0.0031883379751838914;0.0095275882676491
2368;25.42016863822937;-0.185179;-8.910763771121516e-05;-0.0031883379751838914;0.011022580934783477
2369;25.430898666381836;-0.185179;0.0014211913065466722;0.0007871457843970225;0.0095275882676491
2370;25.441622734069824;-0.183179;0.0014211913065466722;0.0007871457843970225;0.012517573601918741
2371;25.452352285385132;-0.179179;-0.0015994065819691025;-0.0031883379751838914;0.0065376029333794605
2372;25.463075637817383;-0.177179;-0.00310970552622699;-0.0031883379751838914;0.012517573601918741
2373;25.47384238243103;-0.177179;-8.910763771121516e-05;0.0047626295439779365;0.015507558936187493
2374;25.48463463783264;-0.17017900000000002;-8.910763771121516e-05;-0.0031883379751838914;0.014012566269053117
2375;25.495407819747925;-0.16617900000000002;-0.0015994065819691025;-0.0031883379751838914;0.018497544270457134
2376;25.506147623062134;-0.16217900000000002;-8.910763771121516e-05;-0.0031883379751838914;0.015507558936187493
2377;25.51687717437744;-0.157179;-8.910763771121516e-05;-0.0031883379751838914;0.01999253693759151
2378;25.527601718902588;-0.156179;-8.910763771121516e-05;-0.0031883379751838914;0.02298252227186115
2379;25.538326740264893;-0.147179;-0.00310970552622699;-0.0031883379751838914;0.01999253693759151
2380;25.5490562915802;-0.141179;-0.0015994065819691025;-0.0031883379751838914;0.02298252227186115
2381;25.559783458709717;-0.138179;-0.0015994065819691025;-0.0031883379751838914;0.024477514938995526
2382;25.57050061225891;-0.13117900000000002;-8.910763771121516e-05;0.0007871457843970225;0.028962492940399542
2383;25.58127236366272;-0.126179;-8.910763771121516e-05;0.0007871457843970225;0.028962492940399542
2384;25.592009782791138;-0.11917900000000001;0.0014211913065466722;0.0007871457843970225;0.030457485607534807
2385;25.60276460647583;-0.116179;-0.0015994065819691025;0.0007871457843970225;0.03344747094180356
2386;25.613486289978027;-0.11017900000000001;-8.910763771121516e-05;-0.0031883379751838914;0.03195247827466918
2387;25.62421202659607;-0.103179;-8.910763771121516e-05;-0.0031883379751838914;0.0364374562760732
2388;25.63494372367859;-0.099179;-0.00310970552622699;-0.0031883379751838914;0.037932448943207575
2389;25.645676851272583;-0.09417900000000001;-0.0015994065819691025;-0.0031883379751838914;0.037932448943207575
2390;25.656400680541992;-0.09117900000000001;-0.0015994065819691025;0.0007871457843970225;0.043912419611746856
2391;25.667121171951294;-0.085179;-8.910763771121516e-05;-0.0031883379751838914;0.040922434277477215
2392;25.677879571914673;-0.080179;0.0014211913065466722;-0.0031883379751838914;0.04241742694461159
2393;25.688612461090088;-0.07417900000000001;-8.910763771121516e-05;0.0007871457843970225;0.043912419611746856
2394;25.699334144592285;-0.068179;-0.0015994065819691025;0.0007871457843970225;0.04540741227888123
2395;25.710070610046387;-0.06517900000000001;-0.0015994065819691025;0.0047626295439779365;0.04989239028028525
2396;25.720799922943115;-0.06317900000000001;-8.910763771121516e-05;0.0007871457843970225;0.04690240494601561
2397;25.731523036956787;-0.05917900000000001;-8.910763771121516e-05;-0.007163821734764805;0.051387382947419624
2398;25.74224328994751;-0.055179000000000006;-8.910763771121516e-05;-0.0031883379751838914;0.05587236094882364
2399;25.75296425819397;-0.053179000000000004;-0.0015994065819691025;-0.0031883379751838914;0.05587236094882364
2400;25.763686895370483;-0.05017900000000001;-8.910763771121516e-05;-0.007163821734764805;0.057367353615958905
2401;25.77440094947815;-0.05117900000000001;-8.910763771121516e-05;-0.0031883379751838914;0.057367353615958905
2402;25.785167932510376;-0.04917900000000001;-8.910763771121516e-05;-0.007163821734764805;0.0633473242844973
2403;25.795889616012573;-0.047179000000000006;-0.00310970552622699;0.0007871457843970225;0.06484231695163167
2404;25.806612968444824;-0.046179000000000005;-8.910763771121516e-05;0.0047626295439779365;0.06783230228590131
2405;25.81739616394043;-0.04917900000000001;-8.910763771121516e-05;0.0007871457843970225;0.06932729495303569
2406;25.828126907348633;-0.04917900000000001;-8.910763771121516e-05;-0.0031883379751838914;0.06932729495303569
2407;25.838855981826782;-0.04817900000000001;-8.910763771121516e-05;-0.0031883379751838914;0.07231728028730533
2408;25.84958052635193;-0.04917900000000001;-8.910763771121516e-05;-0.007163821734764805;0.07530726562157497
2409;25.86030650138855;-0.05217900000000001;0.0014211913065466722;-0.0031883379751838914;0.07231728028730533
2410;25.871033906936646;-0.054179000000000005;-0.0015994065819691025;0.0047626295439779365;0.07680225828870935
2411;25.881797313690186;-0.055179000000000006;-8.910763771121516e-05;0.0007871457843970225;0.07979224362297899
2412;25.892580032348633;-0.06217900000000001;-0.0015994065819691025;-0.0031883379751838914;0.08278222895724863
2413;25.903351068496704;-0.06517900000000001;-8.910763771121516e-05;0.0047626295439779365;0.08577221429151738
2414;25.9140727519989;-0.071179;-8.910763771121516e-05;-0.0031883379751838914;0.08726720695865264
2415;25.924837350845337;-0.07217900000000001;-8.910763771121516e-05;-0.0031883379751838914;0.08876219962578702
2416;25.93556046485901;-0.07517900000000001;-8.910763771121516e-05;-0.007163821734764805;0.0902571922929214
2417;25.946290969848633;-0.07917900000000001;-8.910763771121516e-05;0.0007871457843970225;0.09175218496005666
2418;25.95701265335083;-0.081179;-8.910763771121516e-05;0.0047626295439779365;0.09474217029432541
2419;25.969135999679565;-0.083179;0.0029314902508045595;-0.0031883379751838914;0.09623716296146068
2420;25.979971408843994;-0.087179;-8.910763771121516e-05;0.0007871457843970225;0.09773215562859505
2421;25.9907443523407;-0.09017900000000001;-8.910763771121516e-05;-0.0031883379751838914;0.09623716296146068
2422;26.00146198272705;-0.09217900000000001;0.0014211913065466722;-0.0031883379751838914;0.09922714829572943
2423;26.012189626693726;-0.09017900000000001;-0.0015994065819691025;0.0007871457843970225;0.10221713362999907
2424;26.022868871688843;-0.08817900000000001;0.0014211913065466722;0.0007871457843970225;0.09922714829572943
2425;26.033596754074097;-0.08817900000000001;0.0014211913065466722;0.0007871457843970225;0.10221713362999907
2426;26.044318437576294;-0.086179;-8.910763771121516e-05;-0.0031883379751838914;0.09922714829572943
2427;26.05503797531128;-0.085179;-0.0015994065819691025;0.0007871457843970225;0.10670211163140308
2428;26.065767765045166;-0.083179;-8.910763771121516e-05;0.0007871457843970225;0.10819710429853746
2429;26.076491117477417;-0.081179;-0.0015994065819691025;-0.0031883379751838914;0.10520711896426871
2430;26.08731436729431;-0.080179;-8.910763771121516e-05;-0.0031883379751838914;0.10072214096286469
2431;26.09807801246643;-0.07817900000000001;0.0014211913065466722;-0.007163821734764805;0.09623716296146068
2432;26.108800649642944;-0.07817900000000001;-0.0015994065819691025;0.0007871457843970225;0.10520711896426871
2433;26.119524717330933;-0.07617900000000001;-0.0015994065819691025;0.0007871457843970225;0.1111870896328071
2434;26.1302387714386;-0.07717900000000001;-8.910763771121516e-05;-0.0031883379751838914;0.10670211163140308
2435;26.140955209732056;-0.07517900000000001;-0.0015994065819691025;-0.0031883379751838914;0.10072214096286469
2436;26.15168857574463;-0.07617900000000001;-8.910763771121516e-05;-0.0031883379751838914;0.10221713362999907
2437;26.16241455078125;-0.07517900000000001;0.0014211913065466722;-0.007163821734764805;0.10520711896426871
2438;26.17314577102661;-0.07817900000000001;-8.910763771121516e-05;0.0007871457843970225;0.11417707496707674
2439;26.183910846710205;-0.07917900000000001;-8.910763771121516e-05;-0.007163821734764805;0.1111870896328071
2440;26.194685697555542;-0.084179;-8.910763771121516e-05;0.0007871457843970225;0.10520711896426871
2441;26.20541787147522;-0.09217900000000001;-8.910763771121516e-05;0.0007871457843970225;0.10371212629713344
2442;26.216147661209106;-0.10517900000000001;-8.910763771121516e-05;-0.0031883379751838914;0.10670211163140308
2443;26.226877450942993;-0.117179;-8.910763771121516e-05;0.0007871457843970225;0.11417707496707674
2444;26.23760747909546;-0.134179;-8.910763771121516e-05;0.0007871457843970225;0.10969209696567273
2445;26.248331546783447;-0.150179;-8.910763771121516e-05;-0.0031883379751838914;0.10670211163140308
2446;26.259061574935913;-0.17117900000000003;-0.0015994065819691025;0.0007871457843970225;0.10221713362999907
2447;26.269786596298218;-0.189179;0.0014211913065466722;0.0007871457843970225;0.09922714829572943
2448;26.28050661087036;-0.208179;-0.0015994065819691025;-0.007163821734764805;0.10371212629713344
2449;26.291279554367065;-0.22817900000000002;-8.910763771121516e-05;0.0007871457843970225;0.09922714829572943
2450;26.30201292037964;-0.243179;-8.910763771121516e-05;-0.0031883379751838914;0.08876219962578702
2451;26.312741994857788;-0.25817900000000005;0.0014211913065466722;-0.0031883379751838914;0.08128723629011336
2452;26.323475122451782;-0.271179;-8.910763771121516e-05;0.0007871457843970225;0.07082228762017095
2453;26.334207773208618;-0.282179;-0.0015994065819691025;-0.0031883379751838914;0.07231728028730533
2454;26.344928979873657;-0.291179;0.0014211913065466722;0.0007871457843970225;0.0738122729544397
2455;26.355658054351807;-0.29817899999999997;-0.0015994065819691025;-0.0031883379751838914;0.06633730961876694
2456;26.366374969482422;-0.306179;-8.910763771121516e-05;0.0007871457843970225;0.06484231695163167
2457;26.377103805541992;-0.313179;-8.910763771121516e-05;-0.0031883379751838914;0.06035733895022766
2458;26.38793396949768;-0.320179;-8.910763771121516e-05;0.0007871457843970225;0.06484231695163167
2459;26.398666858673096;-0.321179;-0.0015994065819691025;0.0007871457843970225;0.07231728028730533
2460;26.409438133239746;0.009820999999999996;-8.910763771121516e-05;-0.0031883379751838914;-0.021867257742179014
2461;26.420165300369263;0.010820999999999997;-0.0015994065819691025;0.0007871457843970225;-0.024857243076448654
2462;26.4308865070343;0.009820999999999996;-0.0015994065819691025;-0.0031883379751838914;-0.027847228410717406
2463;26.441609859466553;0.011820999999999998;-0.0015994065819691025;-0.0031883379751838914;-0.024857243076448654
2464;26.452330112457275;0.009820999999999996;0.0014211913065466722;-0.0031883379751838914;-0.020372265075044638
2465;26.46305823326111;0.010820999999999997;-8.910763771121516e-05;-0.0031883379751838914;-0.020372265075044638
2466;26.47377634048462;0.009820999999999996;-0.0015994065819691025;-0.0031883379751838914;-0.02336225040931339
2467;26.48454713821411;0.008820999999999996;-0.0015994065819691025;-0.0031883379751838914;-0.02934222107785267
2468;26.49537706375122;0.010820999999999997;-0.0015994065819691025;-0.0031883379751838914;-0.02635223574358303
2469;26.506103515625;0.009820999999999996;-8.910763771121516e-05;-0.0031883379751838914;-0.020372265075044638
2470;26.516842126846313;0.010820999999999997;-8.910763771121516e-05;-0.0031883379751838914;-0.024857243076448654
2471;26.5275719165802;0.011820999999999998;-8.910763771121516e-05;0.0007871457843970225;-0.021867257742179014
2472;26.538294553756714;0.010820999999999997;-0.0015994065819691025;-0.0031883379751838914;-0.02934222107785267
2473;26.549018144607544;0.010820999999999997;0.0014211913065466722;-0.0031883379751838914;-0.02934222107785267
2474;26.559746980667114;0.010820999999999997;-0.0015994065819691025;-0.007163821734764805;-0.02635223574358303
2475;26.570475578308105;0.010820999999999997;-0.0015994065819691025;-0.007163821734764805;-0.02635223574358303
2476;26.581201553344727;0.009820999999999996;-0.0015994065819691025;-0.0031883379751838914;-0.024857243076448654
2477;26.591965913772583;0.010820999999999997;-8.910763771121516e-05;-0.0031883379751838914;-0.027847228410717406
2478;26.602697610855103;0.011820999999999998;-0.0015994065819691025;-0.0031883379751838914;-0.03233220641212231
2479;26.613425493240356;0.010820999999999997;-8.910763771121516e-05;0.0007871457843970225;-0.030837213744987046
2480;26.624151706695557;0.009820999999999996;-0.0015994065819691025;-0.0031883379751838914;-0.02934222107785267
2481;26.63487982749939;0.009820999999999996;-0.0015994065819691025;-0.0031883379751838914;-0.02635223574358303
2482;26.645604610443115;0.010820999999999997;-8.910763771121516e-05;-0.0031883379751838914;-0.02635223574358303
2483;26.65632963180542;0.009820999999999996;-8.910763771121516e-05;-0.0031883379751838914;-0.02934222107785267
2484;26.667055368423462;0.010820999999999997;-0.0015994065819691025;-0.0031883379751838914;-0.02934222107785267
2485;26.677774667739868;0.011820999999999998;-8.910763771121516e-05;-0.0031883379751838914;-0.027847228410717406
2486;26.688544034957886;0.011820999999999998;-0.0015994065819691025;-0.0031883379751838914;-0.027847228410717406
2487;26.699269771575928;0.010820999999999997;-8.910763771121516e-05;0.0007871457843970225;-0.02635223574358303
2488;26.710055112838745;0.010820999999999997;0.0014211913065466722;-0.0031883379751838914;-0.027847228410717406
2489;26.72078561782837;0.011820999999999998;-8.910763771121516e-05;-0.0031883379751838914;-0.027847228410717406
2490;26.73150873184204;0.010820999999999997;0.0014211913065466722;-0.0031883379751838914;-0.021867257742179014
2491;26.742233753204346;0.010820999999999997;-8.910763771121516e-05;-0.0031883379751838914;-0.02336225040931339
2492;26.752964735031128;0.010820999999999997;-8.910763771121516e-05;-0.0031883379751838914;-0.02336225040931339
2493;26.763691663742065;0.009820999999999996;-8.910763771121516e-05;-0.007163821734764805;-0.024857243076448654
2494;26.774407625198364;0.010820999999999997;-8.910763771121516e-05;-0.0031883379751838914;-0.027847228410717406
2495;26.78518056869507;0.010820999999999997;-8.910763771121516e-05;-0.0031883379751838914;-0.021867257742179014
2496;26.79591655731201;0.010820999999999997;-0.0015994065819691025;-0.0031883379751838914;-0.024857243076448654
2497;26.80664873123169;0.010820999999999997;0.0014211913065466722;-0.0031883379751838914;-0.02336225040931339
2498;26.817384958267212;0.011820999999999998;-8.910763771121516e-05;0.0007871457843970225;-0.024857243076448654
2499;26.828119039535522;0.009820999999999996;-8.910763771121516e-05;-0.0031883379751838914;-0.024857243076448654
2500;26.838836431503296;0.010820999999999997;-0.0015994065819691025;-0.0031883379751838914;-0.02635223574358303
2501;26.84955859184265;0.009820999999999996;-0.0015994065819691025;-0.0031883379751838914;-0.02635223574358303
2502;26.860285758972168;0.011820999999999998;-8.910763771121516e-05;-0.0031883379751838914;-0.024857243076448654
2503;26.87101149559021;0.010820999999999997;-8.910763771121516e-05;-0.0031883379751838914;-0.021867257742179014
2504;26.881736993789673;0.010820999999999997;-8.910763771121516e-05;-0.0031883379751838914;-0.02635223574358303
2505;26.892504692077637;0.011820999999999998;-0.00310970552622699;0.0007871457843970225;-0.024857243076448654
2506;26.90327763557434;0.010820999999999997;-8.910763771121516e-05;-0.0031883379751838914;-0.024857243076448654
2507;26.914005756378174;0.008820999999999996;-0.0015994065819691025;-0.0031883379751838914;-0.024857243076448654
2508;26.924777030944824;0.010820999999999997;-0.0015994065819691025;-0.0031883379751838914;-0.02635223574358303
2509;26.93551206588745;0.009820999999999996;-8.910763771121516e-05;0.0007871457843970225;-0.027847228410717406
2510;26.946224689483643;0.011820999999999998;-8.910763771121516e-05;-0.0031883379751838914;-0.027847228410717406
2511;26.956982135772705;0.011820999999999998;0.0014211913065466722;0.0007871457843970225;-0.02635223574358303
2512;26.967708110809326;0.010820999999999997;-0.0015994065819691025;0.0007871457843970225;-0.024857243076448654
2513;26.978427171707153;0.010820999999999997;-8.910763771121516e-05;-0.0031883379751838914;-0.02635223574358303
2514;26.98917818069458;0.008820999999999996;-8.910763771121516e-05;-0.007163821734764805;-0.02635223574358303
2515;26.99996781349182;0.009820999999999996;-8.910763771121516e-05;-0.0031883379751838914;-0.02635223574358303
2516;27.012025833129883;0.010820999999999997;-0.0015994065819691025;-0.0031883379751838914;-0.024857243076448654
2517;27.02274990081787;0.011820999999999998;-0.0015994065819691025;-0.0031883379751838914;-0.02635223574358303
2518;27.033472061157227;0.010820999999999997;-0.0015994065819691025;-0.0031883379751838914;-0.024857243076448654
2519;27.04419255256653;0.010820999999999997;-8.910763771121516e-05;-0.0031883379751838914;-0.02635223574358303
2520;27.05490803718567;0.009820999999999996;-8.910763771121516e-05;-0.0031883379751838914;-0.027847228410717406
2521;27.065631866455078;0.010820999999999997;-8.910763771121516e-05;-0.007163821734764805;-0.02635223574358303
2522;27.07635259628296;0.010820999999999997;-0.0015994065819691025;-0.0031883379751838914;-0.024857243076448654
2523;27.087110996246338;0.010820999999999997;-8.910763771121516e-05;0.0007871457843970225;-0.02336225040931339
2524;27.097836017608643;0.010820999999999997;-8.910763771121516e-05;-0.0031883379751838914;-0.02635223574358303
2525;27.10855007171631;0.009820999999999996;-0.0015994065819691025;0.0007871457843970225;-0.024857243076448654
2526;27.11926507949829;0.009820999999999996;-0.0015994065819691025;-0.007163821734764805;-0.027847228410717406
2527;27.13005304336548;0.010820999999999997;-0.0015994065819691025;-0.0031883379751838914;-0.02336225040931339
2528;27.140780687332153;0.010820999999999997;-0.0015994065819691025;-0.0031883379751838914;-0.02635223574358303
2529;27.1514995098114;0.010820999999999997;-8.910763771121516e-05;-0.0031883379751838914;-0.02336225040931339
2530;27.162216663360596;0.010820999999999997;-0.0015994065819691025;-0.0031883379751838914;-0.02635223574358303
2531;27.172940254211426;0.009820999999999996;-8.910763771121516e-05;-0.0031883379751838914;-0.02635223574358303
2532;27.183656930923462;0.010820999999999997;-0.0015994065819691025;0.0007871457843970225;-0.02635223574358303
2533;27.194424629211426;0.010820999999999997;-0.0015994065819691025;-0.0031883379751838914;-0.02635223574358303
2534;27.205140113830566;0.010820999999999997;-8.910763771121516e-05;-0.0031883379751838914;-0.024857243076448654
2535;27.21586036682129;0.010820999999999997;-0.0015994065819691025;-0.0031883379751838914;-0.024857243076448654
2536;27.226583242416382;0.010820999999999997;-8.910763771121516e-05;-0.0031883379751838914;-0.02635223574358303
2537;27.237361907958984;0.009820999999999996;-0.0015994065819691025;0.0007871457843970225;-0.024857243076448654
2538;27.248090267181396;0.011820999999999998;-8.910763771121516e-05;-0.0031883379751838914;-0.027847228410717406
2539;27.258808374404907;0.009820999999999996;0.0014211913065466722;-0.007163821734764805;-0.02336225040931339
2540;27.26953911781311;0.010820999999999997;-8.910763771121516e-05;-0.0031883379751838914;-0.024857243076448654
2541;27.2802791595459;0.011820999999999998;-8.910763771121516e-05;-0.0031883379751838914;-0.02635223574358303
2542;27.29104518890381;0.011820999999999998;-8.910763771121516e-05;-0.0031883379751838914;-0.02635223574358303
2543;27.301769971847534;0.011820999999999998;0.0014211913065466722;-0.0031883379751838914;-0.02635223574358303
2544;27.31254482269287;0.010820999999999997;0.0014211913065466722;-0.0031883379751838914;-0.024857243076448654
2545;27.323326349258423;0.011820999999999998;-8.910763771121516e-05;0.0007871457843970225;-0.02635223574358303
2546;27.334053993225098;0.010820999999999997;-8.910763771121516e-05;-0.0031883379751838914;-0.02635223574358303
2547;27.34478735923767;0.013821;-8.910763771121516e-05;-0.0031883379751838914;-0.027847228410717406
2548;27.355515718460083;0.010820999999999997;-8.910763771121516e-05;-0.0031883379751838914;-0.02635223574358303
2549;27.36624002456665;0.012820999999999999;-0.00310970552622699;-0.007163821734764805;-0.02635223574358303
2550;27.376962900161743;0.011820999999999998;-0.0015994065819691025;-0.0031883379751838914;-0.02635223574358303
2551;27.387723207473755;0.011820999999999998;-8.910763771121516e-05;-0.0031883379751838914;-0.024857243076448654
2552;27.3984534740448;0.011820999999999998;-8.910763771121516e-05;0.0007871457843970225;-0.02336225040931339
2553;27.409172296524048;0.011820999999999998;-8.910763771121516e-05;-0.007163821734764805;-0.024857243076448654
2554;27.419952154159546;0.011820999999999998;-0.0015994065819691025;-0.0031883379751838914;-0.02635223574358303
2555;27.43071460723877;0.011820999999999998;-8.910763771121516e-05;0.0007871457843970225;-0.024857243076448654
2556;27.441438674926758;0.011820999999999998;-0.0015994065819691025;-0.007163821734764805;-0.02336225040931339
2557;27.45216155052185;0.011820999999999998;-0.0015994065819691025;-0.0031883379751838914;-0.024857243076448654
2558;27.462885856628418;0.011820999999999998;-8.910763771121516e-05;-0.0031883379751838914;-0.024857243076448654
2559;27.473606824874878;0.011820999999999998;-8.910763771121516e-05;-0.0031883379751838914;-0.024857243076448654
2560;27.484331846237183;0.011820999999999998;-8.910763771121516e-05;-0.0031883379751838914;-0.024857243076448654
2561;27.495104551315308;0.010820999999999997;-0.0015994065819691025;-0.0031883379751838914;-0.02635223574358303
2562;27.50582718849182;0.010820999999999997;-0.0015994065819691025;-0.0031883379751838914;-0.024857243076448654
2563;27.51655149459839;0.010820999999999997;-8.910763771121516e-05;0.0007871457843970225;-0.02635223574358303
2564;27.527331352233887;0.010820999999999997;-8.910763771121516e-05;-0.0031883379751838914;-0.02635223574358303
2565;27.5380642414093;0.010820999999999997;-8.910763771121516e-05;-0.0031883379751838914;-0.02635223574358303
2566;27.548790216445923;0.010820999999999997;-8.910763771121516e-05;-0.0031883379751838914;-0.027847228410717406
2567;27.559517860412598;0.010820999999999997;-0.0015994065819691025;-0.0031883379751838914;-0.027847228410717406
2568;27.570244312286377;0.009820999999999996;-8.910763771121516e-05;-0.007163821734764805;-0.02635223574358303
2569;27.580971002578735;0.009820999999999996;-8.910763771121516e-05;-0.007163821734764805;-0.021867257742179014
2570;27.591737985610962;0.008820999999999996;-8.910763771121516e-05;-0.0031883379751838914;-0.027847228410717406
2571;27.602477073669434;0.009820999999999996;0.0014211913065466722;-0.007163821734764805;-0.024857243076448654
2572;27.613245964050293;0.009820999999999996;-8.910763771121516e-05;-0.0031883379751838914;-0.02635223574358303
2573;27.62397527694702;0.009820999999999996;0.0014211913065466722;-0.0031883379751838914;-0.024857243076448654
2574;27.634700059890747;0.009820999999999996;-0.0015994065819691025;-0.0031883379751838914;-0.02336225040931339
2575;27.64544129371643;0.010820999999999997;-0.0015994065819691025;-0.0031883379751838914;-0.024857243076448654
2576;27.6561541557312;0.009820999999999996;-0.0015994065819691025;-0.007163821734764805;-0.024857243076448654
2577;27.66688346862793;0.008820999999999996;-8.910763771121516e-05;-0.0031883379751838914;-0.024857243076448654
2578;27.67760467529297;0.008820999999999996;-8.910763771121516e-05;0.0007871457843970225;-0.02635223574358303
2579;27.68832778930664;0.009820999999999996;-0.00310970552622699;0.0007871457843970225;-0.024857243076448654
2580;27.699097871780396;0.009820999999999996;0.0014211913065466722;-0.0031883379751838914;-0.02336225040931339
2581;27.70981764793396;0.009820999999999996;-8.910763771121516e-05;-0.0031883379751838914;-0.024857243076448654
2582;27.720581769943237;0.008820999999999996;-0.0015994065819691025;-0.007163821734764805;-0.02635223574358303
2583;27.731305599212646;0.009820999999999996;-0.0015994065819691025;0.0007871457843970225;-0.02635223574358303
2584;27.742037534713745;0.010820999999999997;-0.0015994065819691025;-0.0031883379751838914;-0.02336225040931339
2585;27.75275421142578;0.008820999999999996;-0.0015994065819691025;-0.0031883379751838914;-0.024857243076448654
2586;27.76348042488098;0.009820999999999996;0.0014211913065466722;-0.0031883379751838914;-0.024857243076448654
2587;27.77420449256897;0.009820999999999996;-0.0015994065819691025;-0.0031883379751838914;-0.02635223574358303
2588;27.7849280834198;0.010820999999999997;-8.910763771121516e-05;0.0007871457843970225;-0.02635223574358303
2589;27.795652627944946;0.008820999999999996;-8.910763771121516e-05;-0.0031883379751838914;-0.024857243076448654
2590;27.806376457214355;0.009820999999999996;-8.910763771121516e-05;-0.007163821734764805;-0.02635223574358303
2591;27.817099571228027;0.009820999999999996;-0.0015994065819691025;-0.0031883379751838914;-0.02635223574358303
2592;27.827826499938965;0.010820999999999997;-0.0015994065819691025;-0.007163821734764805;-0.02635223574358303
2593;27.838550090789795;0.009820999999999996;0.0014211913065466722;-0.0031883379751838914;-0.024857243076448654
2594;27.849281072616577;0.010820999999999997;-8.910763771121516e-05;0.0007871457843970225;-0.027847228410717406
2595;27.860050439834595;0.010820999999999997;0.0014211913065466722;0.0007871457843970225;-0.024857243076448654
2596;27.87077808380127;0.010820999999999997;-8.910763771121516e-05;-0.007163821734764805;-0.024857243076448654
2597;27.88150119781494;0.010820999999999997;-8.910763771121516e-05;-0.007163821734764805;-0.024857243076448654
2598;27.892254114151;0.008820999999999996;-8.910763771121516e-05;-0.0031883379751838914;-0.024857243076448654
2599;27.902981758117676;0.009820999999999996;-8.910763771121516e-05;0.0007871457843970225;-0.024857243076448654
2600;27.913712978363037;0.010820999999999997;-8.910763771121516e-05;0.0007871457843970225;-0.02336225040931339
2601;27.924433708190918;0.009820999999999996;-0.0015994065819691025;-0.0031883379751838914;-0.024857243076448654
2602;27.93516182899475;0.010820999999999997;-8.910763771121516e-05;0.0007871457843970225;-0.02336225040931339
2603;27.945888996124268;0.011820999999999998;-8.910763771121516e-05;-0.007163821734764805;-0.02336225040931339
2604;27.956613540649414;0.010820999999999997;-8.910763771121516e-05;-0.007163821734764805;-0.02635223574358303
2605;27.96738362312317;0.010820999999999997;-8.910763771121516e-05;-0.0031883379751838914;-0.02336225040931339
2606;27.97810196876526;0.010820999999999997;-0.0015994065819691025;-0.0031883379751838914;-0.02336225040931339
2607;27.98882746696472;0.010820999999999997;-0.0015994065819691025;-0.0031883379751838914;-0.024857243076448654
2608;27.999598026275635;0.010820999999999997;-0.0015994065819691025;-0.007163821734764805;-0.02336225040931339
2609;28.0103178024292;0.010820999999999997;-0.0015994065819691025;-0.0031883379751838914;-0.02336225040931339
2610;28.0210382938385;0.011820999999999998;-0.0015994065819691025;-0.0031883379751838914;-0.024857243076448654
2611;28.031766653060913;0.011820999999999998;-8.910763771121516e-05;-0.0031883379751838914;-0.024857243076448654
2612;28.043822050094604;0.010820999999999997;-8.910763771121516e-05;-0.0031883379751838914;-0.024857243076448654
2613;28.054556369781494;0.011820999999999998;-8.910763771121516e-05;-0.0031883379751838914;-0.02336225040931339
2614;28.06538462638855;0.010820999999999997;-0.0015994065819691025;-0.0031883379751838914;-0.024857243076448654
2615;28.076103448867798;0.010820999999999997;-8.910763771121516e-05;-0.007163821734764805;-0.024857243076448654
2616;28.08681845664978;0.010820999999999997;-8.910763771121516e-05;-0.0031883379751838914;-0.02635223574358303
2617;28.097571849822998;0.010820999999999997;-0.0015994065819691025;-0.0031883379751838914;-0.02336225040931339
2618;28.108257293701172;0.010820999999999997;-8.910763771121516e-05;-0.0031883379751838914;-0.024857243076448654
2619;28.118984937667847;0.009820999999999996;-8.910763771121516e-05;-0.0031883379751838914;-0.027847228410717406
2620;28.1297025680542;0.011820999999999998;-0.0015994065819691025;-0.0031883379751838914;-0.02635223574358303
2621;28.140426635742188;0.011820999999999998;-8.910763771121516e-05;-0.007163821734764805;-0.024857243076448654
2622;28.151144981384277;0.010820999999999997;-0.0015994065819691025;-0.0031883379751838914;-0.02635223574358303
2623;28.16187357902527;0.010820999999999997;-8.910763771121516e-05;-0.0031883379751838914;-0.024857243076448654
2624;28.172694206237793;0.011820999999999998;-0.00310970552622699;-0.0031883379751838914;-0.027847228410717406
2625;28.183422327041626;0.010820999999999997;-0.0015994065819691025;-0.0031883379751838914;-0.024857243076448654
2626;28.194175720214844;0.009820999999999996;-8.910763771121516e-05;-0.0031883379751838914;-0.027847228410717406
2627;28.204901933670044;0.010820999999999997;-8.910763771121516e-05;-0.0031883379751838914;-0.024857243076448654
2628;28.215625286102295;0.011820999999999998;-0.0015994065819691025;-0.0031883379751838914;-0.02336225040931339
2629;28.226345777511597;0.011820999999999998;-8.910763771121516e-05;-0.0031883379751838914;-0.024857243076448654
2630;28.237064838409424;0.010820999999999997;-8.910763771121516e-05;-0.0031883379751838914;-0.021867257742179014
2631;28.24778461456299;0.011820999999999998;-8.910763771121516e-05;-0.0031883379751838914;-0.024857243076448654
2632;28.258501768112183;0.011820999999999998;-8.910763771121516e-05;-0.0031883379751838914;-0.024857243076448654
2633;28.26923394203186;0.010820999999999997;-8.910763771121516e-05;-0.0031883379751838914;-0.024857243076448654
2634;28.280011415481567;0.010820999999999997;-8.910763771121516e-05;-0.0031883379751838914;-0.02635223574358303
2635;28.29074215888977;0.012820999999999999;-0.0015994065819691025;-0.0031883379751838914;-0.02336225040931339
2636;28.301502227783203;0.010820999999999997;-0.00310970552622699;-0.0031883379751838914;-0.024857243076448654
2637;28.31222677230835;0.010820999999999997;-8.910763771121516e-05;-0.0031883379751838914;-0.024857243076448654
2638;28.322941064834595;0.010820999999999997;-0.0015994065819691025;-0.007163821734764805;-0.024857243076448654
2639;28.33367156982422;0.011820999999999998;-0.0015994065819691025;-0.007163821734764805;-0.024857243076448654
2640;28.344398260116577;0.009820999999999996;-0.0015994065819691025;-0.0031883379751838914;-0.024857243076448654
2641;28.355122566223145;0.010820999999999997;-8.910763771121516e-05;-0.0031883379751838914;-0.02336225040931339
2642;28.365851879119873;0.010820999999999997;-0.0015994065819691025;-0.0031883379751838914;-0.024857243076448654
2643;28.37657618522644;0.011820999999999998;-8.910763771121516e-05;-0.0031883379751838914;-0.024857243076448654
2644;28.387359380722046;0.009820999999999996;-0.0015994065819691025;-0.0031883379751838914;-0.024857243076448654
2645;28.39813542366028;0.011820999999999998;-8.910763771121516e-05;0.0007871457843970225;-0.02635223574358303
2646;28.40885853767395;0.011820999999999998;-0.0015994065819691025;-0.007163821734764805;-0.027847228410717406
2647;28.419573068618774;0.010820999999999997;-0.0015994065819691025;-0.0031883379751838914;-0.024857243076448654
2648;28.430290699005127;0.011820999999999998;0.0014211913065466722;-0.007163821734764805;-0.02635223574358303
2649;28.441015243530273;0.009820999999999996;-8.910763771121516e-05;-0.0031883379751838914;-0.02635223574358303
2650;28.451749563217163;0.009820999999999996;-0.0015994065819691025;0.0007871457843970225;-0.02635223574358303
2651;28.4624662399292;0.010820999999999997;0.0014211913065466722;-0.0031883379751838914;-0.02635223574358303
2652;28.473194360733032;0.010820999999999997;-8.910763771121516e-05;-0.0031883379751838914;-0.027847228410717406
2653;28.48391819000244;0.011820999999999998;-0.0015994065819691025;-0.0031883379751838914;-0.024857243076448654
2654;28.494688749313354;0.011820999999999998;-0.00310970552622699;-0.0031883379751838914;-0.02635223574358303
2655;28.505454540252686;0.010820999999999997;-0.0015994065819691025;0.0007871457843970225;-0.027847228410717406
2656;28.516180515289307;0.010820999999999997;-0.0015994065819691025;-0.0031883379751838914;-0.02635223574358303
2657;28.5268976688385;0.010820999999999997;-8.910763771121516e-05;-0.0031883379751838914;-0.02336225040931339
2658;28.53763771057129;0.009820999999999996;-8.910763771121516e-05;-0.0031883379751838914;-0.02635223574358303
2659;28.548358917236328;0.010820999999999997;-8.910763771121516e-05;-0.0031883379751838914;-0.024857243076448654
2660;28.55907893180847;0.010820999999999997;-0.0015994065819691025;-0.0031883379751838914;-0.02336225040931339
2661;28.5698025226593;0.010820999999999997;-0.0015994065819691025;0.0007871457843970225;-0.02336225040931339
2662;28.580530166625977;0.010820999999999997;-0.0015994065819691025;-0.0031883379751838914;-0.02635223574358303
2663;28.591270446777344;0.010820999999999997;0.0014211913065466722;-0.0031883379751838914;-0.024857243076448654
2664;28.601990699768066;0.010820999999999997;-0.0015994065819691025;-0.0031883379751838914;-0.024857243076448654
2665;28.612725973129272;0.010820999999999997;-0.0015994065819691025;-0.007163821734764805;-0.024857243076448654
2666;28.62345314025879;0.010820999999999997;-8.910763771121516e-05;-0.0031883379751838914;-0.02336225040931339
2667;28.634185552597046;0.010820999999999997;-8.910763771121516e-05;-0.0031883379751838914;-0.02635223574358303
2668;28.644914865493774;0.010820999999999997;-0.0015994065819691025;-0.007163821734764805;-0.024857243076448654
2669;28.655639171600342;0.009820999999999996;-0.0015994065819691025;0.0007871457843970225;-0.02635223574358303
2670;28.6663658618927;0.011820999999999998;-8.910763771121516e-05;-0.0031883379751838914;-0.024857243076448654
2671;28.67708158493042;0.011820999999999998;-8.910763771121516e-05;-0.0031883379751838914;-0.024857243076448654
2672;28.687804222106934;0.010820999999999997;-0.0015994065819691025;-0.0031883379751838914;-0.02934222107785267
2673;28.69857144355774;0.010820999999999997;-8.910763771121516e-05;-0.007163821734764805;-0.02635223574358303
2674;28.709300994873047;0.011820999999999998;-0.0015994065819691025;0.0007871457843970225;-0.02635223574358303
2675;28.72002387046814;0.011820999999999998;0.0014211913065466722;-0.0031883379751838914;-0.02635223574358303
2676;28.730753898620605;0.011820999999999998;-8.910763771121516e-05;-0.0031883379751838914;-0.027847228410717406
2677;28.74147343635559;0.010820999999999997;-0.0015994065819691025;-0.0031883379751838914;-0.024857243076448654
2678;28.75220251083374;0.010820999999999997;-0.00310970552622699;-0.0031883379751838914;-0.024857243076448654
2679;28.762928009033203;0.011820999999999998;-0.0015994065819691025;-0.0031883379751838914;-0.024857243076448654
2680;28.7736496925354;0.008820999999999996;-0.0015994065819691025;-0.0031883379751838914;-0.024857243076448654
2681;28.784374713897705;0.010820999999999997;-8.910763771121516e-05;-0.0031883379751838914;-0.027847228410717406
2682;28.79510498046875;0.009820999999999996;-0.0015994065819691025;-0.0031883379751838914;-0.02635223574358303
2683;28.805869102478027;0.011820999999999998;-0.0015994065819691025;-0.0031883379751838914;-0.02635223574358303
2684;28.816593408584595;0.010820999999999997;-8.910763771121516e-05;-0.0031883379751838914;-0.024857243076448654
2685;28.827378034591675;0.009820999999999996;-8.910763771121516e-05;-0.0031883379751838914;-0.02635223574358303
2686;28.838103532791138;0.010820999999999997;-0.0015994065819691025;-0.0031883379751838914;-0.024857243076448654
2687;28.848822832107544;0.011820999999999998;-8.910763771121516e-05;-0.0031883379751838914;-0.027847228410717406
2688;28.859543323516846;0.009820999999999996;-0.0015994065819691025;-0.0031883379751838914;-0.02635223574358303
2689;28.870270252227783;0.010820999999999997;-8.910763771121516e-05;-0.0031883379751838914;-0.024857243076448654
2690;28.88098955154419;0.010820999999999997;-8.910763771121516e-05;-0.0031883379751838914;-0.02635223574358303
2691;28.891709327697754;0.010820999999999997;-8.910763771121516e-05;-0.007163821734764805;-0.024857243076448654
2692;28.902486324310303;0.010820999999999997;-8.910763771121516e-05;-0.0031883379751838914;-0.02635223574358303
2693;28.91327404975891;0.009820999999999996;-0.0015994065819691025;-0.007163821734764805;-0.02336225040931339
2694;28.92399024963379;0.010820999999999997;0.0014211913065466722;0.0007871457843970225;-0.027847228410717406
2695;28.93471646308899;0.010820999999999997;-8.910763771121516e-05;-0.0031883379751838914;-0.02635223574358303
2696;28.945441961288452;0.011820999999999998;-0.0015994065819691025;-0.007163821734764805;-0.02635223574358303
2697;28.95616888999939;0.011820999999999998;-8.910763771121516e-05;-0.007163821734764805;-0.02635223574358303
2698;28.966891765594482;0.010820999999999997;-8.910763771121516e-05;-0.007163821734764805;-0.027847228410717406
2699;28.97762131690979;0.011820999999999998;-8.910763771121516e-05;-0.0031883379751838914;-0.02635223574358303
2700;28.988343238830566;0.009820999999999996;0.0014211913065466722;-0.0031883379751838914;-0.024857243076448654
2701;28.999067068099976;0.010820999999999997;-8.910763771121516e-05;-0.007163821734764805;-0.02635223574358303
2702;29.009886264801025;0.010820999999999997;-8.910763771121516e-05;-0.0031883379751838914;-0.027847228410717406
2703;29.02069067955017;0.010820999999999997;-0.0015994065819691025;-0.0031883379751838914;-0.02635223574358303
2704;29.031418323516846;0.009820999999999996;-0.0015994065819691025;-0.0031883379751838914;-0.02635223574358303
2705;29.042145013809204;0.010820999999999997;-8.910763771121516e-05;-0.0031883379751838914;-0.027847228410717406
2706;29.052865982055664;0.010820999999999997;-8.910763771121516e-05;-0.0031883379751838914;-0.024857243076448654
2707;29.063590049743652;0.010820999999999997;0.0014211913065466722;-0.0031883379751838914;-0.027847228410717406
2708;29.074315071105957;0.011820999999999998;-0.0015994065819691025;0.0007871457843970225;-0.02635223574358303
2709;29.086403131484985;0.008820999999999996;-0.0015994065819691025;-0.0031883379751838914;-0.02635223574358303
2710;29.097124099731445;0.010820999999999997;-8.910763771121516e-05;-0.007163821734764805;-0.02635223574358303
2711;29.107945680618286;0.009820999999999996;-0.0015994065819691025;-0.0031883379751838914;-0.02336225040931339
2712;29.118669748306274;0.010820999999999997;-0.0015994065819691025;0.0007871457843970225;-0.024857243076448654
2713;29.129430294036865;0.010820999999999997;-8.910763771121516e-05;-0.0031883379751838914;-0.02635223574358303
2714;29.140151262283325;0.009820999999999996;-0.0015994065819691025;-0.0031883379751838914;-0.024857243076448654
2715;29.15087366104126;0.009820999999999996;-8.910763771121516e-05;0.0007871457843970225;-0.02635223574358303
2716;29.161598682403564;0.008820999999999996;-8.910763771121516e-05;-0.0031883379751838914;-0.02336225040931339
2717;29.172317266464233;0.010820999999999997;-8.910763771121516e-05;-0.0031883379751838914;-0.024857243076448654
2718;29.183031797409058;0.009820999999999996;-8.910763771121516e-05;-0.0031883379751838914;-0.027847228410717406
2719;29.19375228881836;0.007820999999999995;-8.910763771121516e-05;-0.0031883379751838914;-0.024857243076448654
2720;29.204513549804688;0.008820999999999996;-0.0015994065819691025;-0.0031883379751838914;-0.027847228410717406
2721;29.21534013748169;0.009820999999999996;-8.910763771121516e-05;-0.007163821734764805;-0.02635223574358303
2722;29.226064682006836;0.008820999999999996;-0.0015994065819691025;-0.0031883379751838914;-0.02635223574358303
2723;29.23679780960083;0.009820999999999996;-8.910763771121516e-05;-0.0031883379751838914;-0.02934222107785267
2724;29.247519731521606;0.009820999999999996;-8.910763771121516e-05;-0.0031883379751838914;-0.024857243076448654
2725;29.258235931396484;0.009820999999999996;-0.0015994065819691025;-0.0031883379751838914;-0.02934222107785267
2726;29.268951177597046;0.008820999999999996;-0.0015994065819691025;-0.0031883379751838914;-0.024857243076448654
2727;29.279674530029297;0.008820999999999996;-0.0015994065819691025;-0.0031883379751838914;-0.027847228410717406
2728;29.29038953781128;0.009820999999999996;-0.0015994065819691025;-0.0031883379751838914;-0.02934222107785267
2729;29.30111002922058;0.008820999999999996;-8.910763771121516e-05;-0.0031883379751838914;-0.024857243076448654
2730;29.31187868118286;0.008820999999999996;-8.910763771121516e-05;-0.0031883379751838914;-0.02934222107785267
2731;29.322659730911255;0.008820999999999996;-8.910763771121516e-05;0.0007871457843970225;-0.027847228410717406
2732;29.333425045013428;0.008820999999999996;-8.910763771121516e-05;-0.0031883379751838914;-0.027847228410717406
2733;29.34415316581726;0.008820999999999996;-0.0015994065819691025;0.0007871457843970225;-0.030837213744987046
2734;29.354876041412354;0.007820999999999995;-0.0015994065819691025;-0.0031883379751838914;-0.024857243076448654
2735;29.36559796333313;0.007820999999999995;-0.0015994065819691025;-0.0031883379751838914;-0.02635223574358303
2736;29.376336097717285;0.008820999999999996;-8.910763771121516e-05;-0.0031883379751838914;-0.02635223574358303
2737;29.387062072753906;0.007820999999999995;-8.910763771121516e-05;0.0007871457843970225;-0.027847228410717406
2738;29.397783279418945;0.006820999999999994;-0.0015994065819691025;-0.0031883379751838914;-0.02635223574358303
2739;29.40854573249817;0.007820999999999995;-0.0015994065819691025;-0.0031883379751838914;-0.024857243076448654
2740;29.419275283813477;0.006820999999999994;-0.0015994065819691025;-0.0031883379751838914;-0.02635223574358303
2741;29.43004584312439;0.007820999999999995;-0.0015994065819691025;-0.0031883379751838914;-0.02635223574358303
2742;29.440770387649536;0.006820999999999994;-0.0015994065819691025;-0.0031883379751838914;-0.02635223574358303
2743;29.451488494873047;0.007820999999999995;-0.0015994065819691025;0.0007871457843970225;-0.024857243076448654
2744;29.46221113204956;0.006820999999999994;0.0014211913065466722;0.0007871457843970225;-0.02635223574358303
2745;29.472930192947388;0.004820999999999992;0.0014211913065466722;-0.0031883379751838914;-0.02635223574358303
2746;29.483660459518433;0.006820999999999994;-0.0015994065819691025;-0.0031883379751838914;-0.024857243076448654
2747;29.494380474090576;0.007820999999999995;-8.910763771121516e-05;-0.0031883379751838914;-0.02635223574358303
2748;29.50514817237854;0.006820999999999994;-0.0015994065819691025;-0.0031883379751838914;-0.027847228410717406
2749;29.515878677368164;0.006820999999999994;-0.0015994065819691025;-0.0031883379751838914;-0.024857243076448654
2750;29.52660846710205;0.006820999999999994;-8.910763771121516e-05;-0.007163821734764805;-0.027847228410717406
2751;29.537375688552856;0.006820999999999994;-8.910763771121516e-05;0.0007871457843970225;-0.027847228410717406
2752;29.5481059551239;0.006820999999999994;-8.910763771121516e-05;-0.0031883379751838914;-0.027847228410717406
2753;29.558834314346313;0.007820999999999995;-8.910763771121516e-05;-0.0031883379751838914;-0.02934222107785267
2754;29.5695583820343;0.006820999999999994;-8.910763771121516e-05;-0.0031883379751838914;-0.02635223574358303
2755;29.580286979675293;0.005820999999999993;-0.0015994065819691025;-0.0031883379751838914;-0.02934222107785267
2756;29.591015815734863;0.007820999999999995;-8.910763771121516e-05;-0.0031883379751838914;-0.027847228410717406
2757;29.601746320724487;0.007820999999999995;-0.0015994065819691025;-0.0031883379751838914;-0.02934222107785267
2758;29.612509965896606;0.005820999999999993;-0.00310970552622699;-0.0031883379751838914;-0.02934222107785267
2759;29.62328863143921;0.006820999999999994;-0.00310970552622699;-0.0031883379751838914;-0.024857243076448654
2760;29.63401699066162;0.006820999999999994;0.0014211913065466722;-0.0031883379751838914;-0.02934222107785267
2761;29.64478826522827;0.007820999999999995;-8.910763771121516e-05;-0.0031883379751838914;-0.02635223574358303
2762;29.655517101287842;0.005820999999999993;-8.910763771121516e-05;-0.007163821734764805;-0.027847228410717406
2763;29.6662380695343;0.007820999999999995;-0.0015994065819691025;-0.0031883379751838914;-0.027847228410717406
2764;29.676960945129395;0.006820999999999994;-0.0015994065819691025;-0.0031883379751838914;-0.02635223574358303
2765;29.687686443328857;0.008820999999999996;-0.0015994065819691025;0.0007871457843970225;-0.02635223574358303
2766;29.69840908050537;0.006820999999999994;0.0014211913065466722;-0.0031883379751838914;-0.02635223574358303
2767;29.709177255630493;0.007820999999999995;-8.910763771121516e-05;-0.0031883379751838914;-0.024857243076448654
2768;29.71995258331299;0.007820999999999995;-8.910763771121516e-05;-0.0031883379751838914;-0.02934222107785267
2769;29.730717658996582;0.007820999999999995;-0.0015994065819691025;-0.0031883379751838914;-0.02934222107785267
2770;29.741445302963257;0.008820999999999996;-8.910763771121516e-05;0.0007871457843970225;-0.02934222107785267
2771;29.752168893814087;0.006820999999999994;-0.0015994065819691025;0.0007871457843970225;-0.027847228410717406
2772;29.762884855270386;0.006820999999999994;0.0014211913065466722;-0.0031883379751838914;-0.02635223574358303
2773;29.773606538772583;0.007820999999999995;-8.910763771121516e-05;-0.0031883379751838914;-0.027847228410717406
2774;29.784334659576416;0.008820999999999996;-8.910763771121516e-05;-0.007163821734764805;-0.02635223574358303
2775;29.79507064819336;0.009820999999999996;-0.0015994065819691025;-0.0031883379751838914;-0.02635223574358303
2776;29.80579710006714;0.007820999999999995;0.0014211913065466722;-0.0031883379751838914;-0.02635223574358303
2777;29.816566228866577;0.009820999999999996;-8.910763771121516e-05;-0.0031883379751838914;-0.02635223574358303
2778;29.827343225479126;0.007820999999999995;-0.0015994065819691025;-0.0031883379751838914;-0.027847228410717406
2779;29.838073015213013;0.008820999999999996;-8.910763771121516e-05;-0.0031883379751838914;-0.02635223574358303
2780;29.848787784576416;0.009820999999999996;-8.910763771121516e-05;-0.0031883379751838914;-0.024857243076448654
2781;29.859511375427246;0.007820999999999995;-0.0015994065819691025;-0.0031883379751838914;-0.02934222107785267
2782;29.87023401260376;0.008820999999999996;-0.0015994065819691025;-0.0031883379751838914;-0.024857243076448654
2783;29.88096022605896;0.009820999999999996;-8.910763771121516e-05;-0.0031883379751838914;-0.027847228410717406
2784;29.89168095588684;0.010820999999999997;-0.0015994065819691025;-0.0031883379751838914;-0.02635223574358303
2785;29.902410745620728;0.009820999999999996;0.0014211913065466722;-0.0031883379751838914;-0.02635223574358303
2786;29.91317892074585;0.007820999999999995;-0.0015994065819691025;-0.0031883379751838914;-0.02934222107785267
2787;29.92390775680542;0.009820999999999996;-8.910763771121516e-05;-0.0031883379751838914;-0.02635223574358303
2788;29.934680461883545;0.009820999999999996;-0.0015994065819691025;-0.0031883379751838914;-0.027847228410717406
2789;29.94541883468628;0.010820999999999997;0.0014211913065466722;-0.0031883379751838914;-0.024857243076448654
2790;29.95615005493164;0.008820999999999996;-8.910763771121516e-05;-0.0031883379751838914;-0.024857243076448654
2791;29.966875076293945;0.009820999999999996;-0.0015994065819691025;-0.007163821734764805;-0.027847228410717406
2792;29.977590799331665;0.009820999999999996;-8.910763771121516e-05;-0.0031883379751838914;-0.02635223574358303
2793;29.988309383392334;0.008820999999999996;-0.0015994065819691025;-0.007163821734764805;-0.027847228410717406
2794;29.999033451080322;0.010820999999999997;-0.00310970552622699;-0.0031883379751838914;-0.027847228410717406
2795;30.00980520248413;0.010820999999999997;0.0014211913065466722;-0.007163821734764805;-0.027847228410717406
2796;30.02057695388794;0.010820999999999997;-8.910763771121516e-05;-0.0031883379751838914;-0.02635223574358303
2797;30.031299591064453;0.009820999999999996;-8.910763771121516e-05;0.0007871457843970225;-0.02934222107785267
2798;30.04202151298523;0.010820999999999997;-0.0015994065819691025;-0.0031883379751838914;-0.027847228410717406
2799;30.0527503490448;0.010820999999999997;-8.910763771121516e-05;-0.0031883379751838914;-0.02635223574358303
2800;30.063472509384155;0.010820999999999997;-8.910763771121516e-05;0.0007871457843970225;-0.02635223574358303
2801;30.074190855026245;0.009820999999999996;-0.0015994065819691025;-0.0031883379751838914;-0.027847228410717406
2802;30.08491611480713;0.008820999999999996;-8.910763771121516e-05;-0.0031883379751838914;-0.02635223574358303
2803;30.095641136169434;0.009820999999999996;-0.0015994065819691025;-0.0031883379751838914;-0.02635223574358303
2804;30.106359481811523;0.010820999999999997;-0.0015994065819691025;-0.0031883379751838914;-0.02635223574358303
2805;30.118525743484497;0.010820999999999997;-0.0015994065819691025;0.0007871457843970225;-0.02635223574358303
2806;30.129256010055542;0.008820999999999996;-0.0015994065819691025;-0.0031883379751838914;-0.027847228410717406
2807;30.140026807785034;0.009820999999999996;-0.0015994065819691025;-0.0031883379751838914;-0.02635223574358303
2808;30.150755405426025;0.009820999999999996;-0.0015994065819691025;-0.0031883379751838914;-0.02635223574358303
2809;30.16147470474243;0.008820999999999996;0.0014211913065466722;-0.0031883379751838914;-0.02635223574358303
2810;30.172191619873047;0.006820999999999994;-0.0015994065819691025;-0.007163821734764805;-0.027847228410717406
2811;30.182865858078003;0.008820999999999996;-8.910763771121516e-05;-0.0031883379751838914;-0.027847228410717406
2812;30.19358539581299;0.007820999999999995;-8.910763771121516e-05;-0.0031883379751838914;-0.027847228410717406
2813;30.204296588897705;0.008820999999999996;-8.910763771121516e-05;-0.0031883379751838914;-0.02635223574358303
2814;30.215062856674194;0.008820999999999996;-8.910763771121516e-05;0.0007871457843970225;-0.02934222107785267
2815;30.22578477859497;0.007820999999999995;-8.910763771121516e-05;-0.0031883379751838914;-0.02635223574358303
2816;30.236507654190063;0.010820999999999997;-8.910763771121516e-05;-0.0031883379751838914;-0.024857243076448654
2817;30.247276067733765;0.008820999999999996;-8.910763771121516e-05;-0.0031883379751838914;-0.024857243076448654
2818;30.258030652999878;0.008820999999999996;-0.0015994065819691025;-0.0031883379751838914;-0.02635223574358303
2819;30.268806219100952;0.008820999999999996;-0.0015994065819691025;-0.007163821734764805;-0.027847228410717406
2820;30.279547452926636;0.010820999999999997;-8.910763771121516e-05;-0.0031883379751838914;-0.027847228410717406
2821;30.29025959968567;0.009820999999999996;-8.910763771121516e-05;0.0007871457843970225;-0.02635223574358303
2822;30.30097794532776;0.010820999999999997;-0.0015994065819691025;-0.0031883379751838914;-0.027847228410717406
2823;30.311742782592773;0.010820999999999997;-0.0015994065819691025;0.0007871457843970225;-0.027847228410717406
2824;30.322465181350708;0.010820999999999997;-8.910763771121516e-05;-0.007163821734764805;-0.027847228410717406
2825;30.33319091796875;0.010820999999999997;-0.0015994065819691025;-0.0031883379751838914;-0.02635223574358303
2826;30.343923568725586;0.009820999999999996;-8.910763771121516e-05;-0.0031883379751838914;-0.027847228410717406
2827;30.354689836502075;0.010820999999999997;-0.0015994065819691025;-0.0031883379751838914;-0.02934222107785267
2828;30.365426063537598;0.010820999999999997;0.0014211913065466722;-0.0031883379751838914;-0.02934222107785267
2829;30.37614393234253;0.009820999999999996;-8.910763771121516e-05;-0.0031883379751838914;-0.027847228410717406
2830;30.38687539100647;0.010820999999999997;-0.0015994065819691025;-0.0031883379751838914;-0.027847228410717406
2831;30.397597074508667;0.009820999999999996;-0.0015994065819691025;-0.0031883379751838914;-0.02635223574358303
2832;30.40832018852234;0.010820999999999997;-8.910763771121516e-05;-0.0031883379751838914;-0.027847228410717406
2833;30.419082164764404;0.009820999999999996;-8.910763771121516e-05;-0.0031883379751838914;-0.027847228410717406
2834;30.42981243133545;0.010820999999999997;-8.910763771121516e-05;-0.0031883379751838914;-0.027847228410717406
2835;30.440596103668213;0.009820999999999996;-8.910763771121516e-05;-0.0031883379751838914;-0.02934222107785267
2836;30.451329946517944;0.010820999999999997;0.0014211913065466722;-0.0031883379751838914;-0.02635223574358303
2837;30.462099313735962;0.008820999999999996;-0.0015994065819691025;-0.0031883379751838914;-0.02635223574358303
2838;30.472825288772583;0.010820999999999997;-0.0015994065819691025;-0.0031883379751838914;-0.02635223574358303
2839;30.48354935646057;0.010820999999999997;-0.0015994065819691025;0.0007871457843970225;-0.024857243076448654
2840;30.494271516799927;0.009820999999999996;-8.910763771121516e-05;-0.0031883379751838914;-0.027847228410717406
2841;30.504998445510864;0.008820999999999996;-0.0015994065819691025;-0.0031883379751838914;-0.02635223574358303
2842;30.515761375427246;0.008820999999999996;-8.910763771121516e-05;0.0007871457843970225;-0.027847228410717406
2843;30.52648949623108;0.009820999999999996;-0.0015994065819691025;-0.0031883379751838914;-0.027847228410717406
2844;30.537264585494995;0.008820999999999996;0.0014211913065466722;-0.0031883379751838914;-0.02635223574358303
2845;30.548038005828857;0.010820999999999997;-0.0015994065819691025;0.0007871457843970225;-0.027847228410717406
2846;30.558754920959473;0.009820999999999996;-0.0015994065819691025;-0.0031883379751838914;-0.024857243076448654
2847;30.56948709487915;0.009820999999999996;-8.910763771121516e-05;-0.011139305494345733;-0.027847228410717406
2848;30.580215215682983;0.009820999999999996;-0.0015994065819691025;-0.0031883379751838914;-0.027847228410717406
2849;30.590944528579712;0.009820999999999996;-0.0015994065819691025;-0.0031883379751838914;-0.020372265075044638
2850;30.601669549942017;0.010820999999999997;-0.0015994065819691025;-0.0031883379751838914;-0.027847228410717406
2851;30.61243438720703;0.010820999999999997;-0.0015994065819691025;0.0007871457843970225;-0.02635223574358303
2852;30.623164415359497;0.009820999999999996;0.0014211913065466722;-0.0031883379751838914;-0.02635223574358303
2853;30.63388991355896;0.009820999999999996;-8.910763771121516e-05;-0.0031883379751838914;-0.027847228410717406
2854;30.64467191696167;0.008820999999999996;-0.0015994065819691025;-0.0031883379751838914;-0.027847228410717406
2855;30.655416011810303;0.008820999999999996;-8.910763771121516e-05;-0.0031883379751838914;-0.027847228410717406
2856;30.666138172149658;0.010820999999999997;-8.910763771121516e-05;-0.0031883379751838914;-0.02934222107785267
2857;30.676866054534912;0.010820999999999997;-0.0015994065819691025;0.0007871457843970225;-0.027847228410717406
2858;30.6875958442688;0.010820999999999997;-0.0015994065819691025;-0.0031883379751838914;-0.027847228410717406
2859;30.698325395584106;0.010820999999999997;-8.910763771121516e-05;-0.0031883379751838914;-0.02934222107785267
2860;30.70905876159668;0.009820999999999996;-8.910763771121516e-05;-0.0031883379751838914;-0.02635223574358303
2861;30.719830751419067;0.010820999999999997;-8.910763771121516e-05;-0.0031883379751838914;-0.027847228410717406
2862;30.73060393333435;0.010820999999999997;-8.910763771121516e-05;-0.0031883379751838914;-0.027847228410717406
2863;30.741326332092285;0.009820999999999996;-0.0015994065819691025;-0.0031883379751838914;-0.027847228410717406
2864;30.752059936523438;0.008820999999999996;-8.910763771121516e-05;-0.0031883379751838914;-0.02635223574358303
2865;30.76278519630432;0.009820999999999996;-8.910763771121516e-05;-0.0031883379751838914;-0.02934222107785267
2866;30.77350950241089;0.008820999999999996;0.0014211913065466722;-0.0031883379751838914;-0.02635223574358303
2867;30.784229516983032;0.009820999999999996;-0.0015994065819691025;-0.0031883379751838914;-0.02635223574358303
2868;30.79496169090271;0.009820999999999996;-8.910763771121516e-05;-0.0031883379751838914;-0.02934222107785267
2869;30.8056902885437;0.010820999999999997;-0.00310970552622699;-0.0031883379751838914;-0.027847228410717406
2870;30.81645894050598;0.009820999999999996;-0.0015994065819691025;-0.0031883379751838914;-0.02934222107785267
2871;30.827235221862793;0.009820999999999996;-8.910763771121516e-05;-0.0031883379751838914;-0.024857243076448654
2872;30.83801031112671;0.007820999999999995;-0.0015994065819691025;-0.0031883379751838914;-0.024857243076448654
2873;30.848745346069336;0.011820999999999998;-8.910763771121516e-05;-0.0031883379751838914;-0.02635223574358303
2874;30.859468460083008;0.010820999999999997;-8.910763771121516e-05;-0.0031883379751838914;-0.02635223574358303
2875;30.8701913356781;0.009820999999999996;-8.910763771121516e-05;-0.0031883379751838914;-0.024857243076448654
2876;30.880913019180298;0.009820999999999996;-8.910763771121516e-05;0.0007871457843970225;-0.027847228410717406
2877;30.891639947891235;0.008820999999999996;-0.0015994065819691025;-0.0031883379751838914;-0.027847228410717406
2878;30.9024019241333;0.009820999999999996;0.0014211913065466722;-0.0031883379751838914;-0.027847228410717406
2879;30.913129806518555;0.010820999999999997;-0.0015994065819691025;-0.0031883379751838914;-0.02934222107785267
2880;30.923893690109253;0.009820999999999996;-0.0015994065819691025;-0.0031883379751838914;-0.02635223574358303
2881;30.93466854095459;0.009820999999999996;-8.910763771121516e-05;-0.0031883379751838914;-0.024857243076448654
2882;30.945406675338745;0.009820999999999996;-0.0015994065819691025;-0.0031883379751838914;-0.027847228410717406
2883;30.956124305725098;0.010820999999999997;-8.910763771121516e-05;-0.0031883379751838914;-0.027847228410717406
2884;30.96684980392456;0.009820999999999996;-0.0015994065819691025;0.0007871457843970225;-0.02635223574358303
2885;30.977569103240967;0.008820999999999996;-0.0015994065819691025;-0.0031883379751838914;-0.02635223574358303
2886;30.988289833068848;0.008820999999999996;-0.0015994065819691025;-0.0031883379751838914;-0.024857243076448654
2887;30.999006271362305;0.010820999999999997;-8.910763771121516e-05;-0.0031883379751838914;-0.027847228410717406
2888;31.009727001190186;0.009820999999999996;-0.0015994065819691025;-0.007163821734764805;-0.027847228410717406
2889;32.02334809303284;0.009820999999999996;-0.0015994065819691025;-0.007163821734764805;-0.021867257742179014
2890;32.0345516204834;0.009820999999999996;-0.0015994065819691025;-0.007163821734764805;-0.02934222107785267
2891;32.04544997215271;0.009820999999999996;0.0014211913065466722;-0.0031883379751838914;-0.024857243076448654
2892;32.05617594718933;0.009820999999999996;-0.0015994065819691025;-0.0031883379751838914;-0.030837213744987046
2893;32.06685781478882;0.010820999999999997;-8.910763771121516e-05;-0.0031883379751838914;-0.02635223574358303
2894;32.077589988708496;0.009820999999999996;-8.910763771121516e-05;0.0007871457843970225;-0.027847228410717406
2895;32.08830952644348;0.008820999999999996;0.0014211913065466722;-0.0031883379751838914;-0.027847228410717406
2896;32.09902310371399;0.009820999999999996;0.0014211913065466722;0.0007871457843970225;-0.024857243076448654
2897;32.10974407196045;0.009820999999999996;-8.910763771121516e-05;-0.0031883379751838914;-0.030837213744987046
2898;32.12046241760254;0.009820999999999996;-8.910763771121516e-05;-0.0031883379751838914;-0.024857243076448654
2899;32.131181716918945;0.009820999999999996;-8.910763771121516e-05;-0.0031883379751838914;-0.02635223574358303
2900;32.14195203781128;0.008820999999999996;-8.910763771121516e-05;0.0047626295439779365;-0.02934222107785267
2901;32.15272307395935;0.009820999999999996;-8.910763771121516e-05;-0.007163821734764805;0.0005576322648410681
2902;32.16481351852417;0.009820999999999996;-8.910763771121516e-05;0.0007871457843970225;-0.04877712575060311
2903;32.17553472518921;0.009820999999999996;-0.0015994065819691025;0.0007871457843970225;-0.04130216241493034
2904;32.18624138832092;0.008820999999999996;-0.0015994065819691025;-0.007163821734764805;-0.017382279740774997
2905;32.197060108184814;0.008820999999999996;-8.910763771121516e-05;-0.0031883379751838914;-0.027847228410717406
2906;32.20799112319946;0.010820999999999997;-8.910763771121516e-05;-0.0031883379751838914;0.002052624931975444
2907;32.218672037124634;0.007820999999999995;-8.910763771121516e-05;-0.0031883379751838914;-0.057747081753411145
2908;32.22940444946289;0.009820999999999996;-8.910763771121516e-05;-0.0031883379751838914;-0.017382279740774997
2909;32.240161657333374;0.008820999999999996;-8.910763771121516e-05;0.0007871457843970225;-0.0383121770806607
2910;32.2508819103241;0.010820999999999997;-0.0015994065819691025;-0.0031883379751838914;-0.024857243076448654
2911;32.261555910110474;0.009820999999999996;-8.910763771121516e-05;-0.0031883379751838914;0.0005576322648410681
2912;32.27227210998535;0.009820999999999996;-0.0015994065819691025;-0.007163821734764805;-0.050272118417738376
2913;32.28298783302307;0.009820999999999996;-8.910763771121516e-05;-0.0031883379751838914;-0.017382279740774997
2914;32.29371237754822;0.009820999999999996;-8.910763771121516e-05;-0.007163821734764805;-0.04877712575060311
2915;32.304426431655884;0.009820999999999996;-0.0015994065819691025;0.0007871457843970225;-0.027847228410717406
2916;32.31514644622803;0.010820999999999997;-0.0015994065819691025;-0.0031883379751838914;-0.008412323737966965
2917;32.32586741447449;0.009820999999999996;-0.0015994065819691025;-0.0031883379751838914;-0.04578714041633436
2918;32.336628913879395;0.009820999999999996;-8.910763771121516e-05;-0.0031883379751838914;-0.017382279740774997
2919;32.347355365753174;0.010820999999999997;0.0014211913065466722;-0.0031883379751838914;-0.04578714041633436
2920;32.358072996139526;0.010820999999999997;-8.910763771121516e-05;-0.0031883379751838914;-0.02934222107785267
2921;32.3687961101532;0.010820999999999997;-8.910763771121516e-05;-0.007163821734764805;-0.011402309072236605
2922;32.379512548446655;0.007820999999999995;-0.0015994065819691025;-0.0031883379751838914;-0.03532219174639106
2923;32.390228271484375;0.010820999999999997;-8.910763771121516e-05;-0.0031883379751838914;-0.017382279740774997
2924;32.400944232940674;0.009820999999999996;-0.0015994065819691025;-0.0031883379751838914;-0.03980716974779508
2925;32.41166305541992;0.010820999999999997;0.0014211913065466722;-0.0031883379751838914;-0.03382719907925669
2926;32.42237305641174;0.009820999999999996;-0.0015994065819691025;-0.0031883379751838914;-0.01588728707364062
2927;32.43309235572815;0.008820999999999996;-8.910763771121516e-05;-0.0031883379751838914;-0.02934222107785267
2928;32.443849086761475;0.010820999999999997;-0.0015994065819691025;0.0007871457843970225;-0.018877272407909373
2929;32.45456123352051;0.009820999999999996;-0.00310970552622699;-0.0031883379751838914;-0.03233220641212231
2930;32.46538043022156;0.009820999999999996;-8.910763771121516e-05;-0.0031883379751838914;-0.03233220641212231
2931;32.47609758377075;0.008820999999999996;-8.910763771121516e-05;-0.0031883379751838914;-0.01588728707364062
2932;32.486825466156006;0.011820999999999998;-0.0015994065819691025;0.0007871457843970225;-0.02336225040931339
2933;32.49753785133362;0.009820999999999996;-8.910763771121516e-05;-0.0031883379751838914;-0.02336225040931339
2934;32.50825119018555;0.009820999999999996;-0.0015994065819691025;0.0007871457843970225;-0.027847228410717406
2935;32.518969774246216;0.009820999999999996;-0.0015994065819691025;-0.0031883379751838914;-0.03532219174639106
2936;32.52969717979431;0.009820999999999996;-8.910763771121516e-05;0.0007871457843970225;-0.020372265075044638
2937;32.540452003479004;0.010820999999999997;0.0014211913065466722;-0.0031883379751838914;-0.02635223574358303
2938;32.55117058753967;0.010820999999999997;0.0014211913065466722;-0.0031883379751838914;-0.02336225040931339
2939;32.561888456344604;0.008820999999999996;-8.910763771121516e-05;-0.0031883379751838914;-0.02336225040931339
2940;32.57266640663147;0.009820999999999996;-8.910763771121516e-05;-0.0031883379751838914;-0.0383121770806607
2941;32.5833945274353;0.008820999999999996;-0.0015994065819691025;0.0007871457843970225;-0.02336225040931339
2942;32.59411430358887;0.010820999999999997;-8.910763771121516e-05;-0.0031883379751838914;-0.027847228410717406
2943;32.60484504699707;0.010820999999999997;-8.910763771121516e-05;-0.007163821734764805;-0.02635223574358303
2944;32.615559101104736;0.008820999999999996;-8.910763771121516e-05;-0.0031883379751838914;-0.02336225040931339
2945;32.62626934051514;0.010820999999999997;-8.910763771121516e-05;-0.0031883379751838914;-0.03681718441352633
2946;32.6369891166687;0.009820999999999996;-0.0015994065819691025;-0.007163821734764805;-0.027847228410717406
2947;32.647757053375244;0.009820999999999996;-8.910763771121516e-05;-0.0031883379751838914;-0.027847228410717406
2948;32.6584746837616;0.010820999999999997;-0.0015994065819691025;-0.0031883379751838914;-0.030837213744987046
2949;32.669196367263794;0.009820999999999996;-0.0015994065819691025;-0.0031883379751838914;-0.02336225040931339
2950;32.67997407913208;0.009820999999999996;-0.0015994065819691025;-0.0031883379751838914;-0.03233220641212231
2951;32.690739154815674;0.009820999999999996;-8.910763771121516e-05;-0.0031883379751838914;-0.03233220641212231
2952;32.70145773887634;0.008820999999999996;-8.910763771121516e-05;-0.0031883379751838914;-0.02336225040931339
2953;32.71217751502991;0.009820999999999996;-0.0015994065819691025;-0.0031883379751838914;-0.02934222107785267
2954;32.72289490699768;0.010820999999999997;-8.910763771121516e-05;-0.007163821734764805;-0.02336225040931339
2955;32.73360848426819;0.009820999999999996;-8.910763771121516e-05;-0.0031883379751838914;-0.02635223574358303
2956;32.744369983673096;0.008820999999999996;-8.910763771121516e-05;-0.007163821734764805;-0.030837213744987046
2957;32.755104303359985;0.010820999999999997;0.0014211913065466722;-0.0031883379751838914;-0.021867257742179014
2958;32.76582622528076;0.009820999999999996;0.0014211913065466722;-0.007163821734764805;-0.03382719907925669
2959;32.77659821510315;0.009820999999999996;-8.910763771121516e-05;-0.0031883379751838914;-0.020372265075044638
2960;32.787392377853394;0.009820999999999996;-8.910763771121516e-05;-0.007163821734764805;-0.027847228410717406
2961;32.798121213912964;0.009820999999999996;-0.0015994065819691025;-0.0031883379751838914;-0.03233220641212231
2962;32.80884027481079;0.010820999999999997;-8.910763771121516e-05;0.0007871457843970225;-0.021867257742179014
2963;32.81956481933594;0.009820999999999996;-0.0015994065819691025;-0.0031883379751838914;-0.02934222107785267
2964;32.830283641815186;0.009820999999999996;-8.910763771121516e-05;-0.007163821734764805;-0.021867257742179014
2965;32.84100914001465;0.007820999999999995;-8.910763771121516e-05;0.0007871457843970225;-0.02336225040931339
2966;32.851728200912476;0.008820999999999996;-8.910763771121516e-05;-0.0031883379751838914;-0.03233220641212231
2967;32.86244034767151;0.010820999999999997;-0.0015994065819691025;-0.0031883379751838914;-0.02336225040931339
2968;32.87315654754639;0.009820999999999996;-8.910763771121516e-05;-0.0031883379751838914;-0.030837213744987046
2969;32.88387608528137;0.008820999999999996;-8.910763771121516e-05;-0.0031883379751838914;-0.027847228410717406
2970;32.894660234451294;0.009820999999999996;-0.0015994065819691025;-0.007163821734764805;-0.024857243076448654
2971;32.90542411804199;0.010820999999999997;-0.0015994065819691025;0.0007871457843970225;-0.030837213744987046
2972;32.916141510009766;0.009820999999999996;-0.0015994065819691025;0.0007871457843970225;-0.02336225040931339
2973;32.92686128616333;0.009820999999999996;-0.0015994065819691025;-0.0031883379751838914;-0.02934222107785267
2974;32.93758416175842;0.009820999999999996;-8.910763771121516e-05;-0.0031883379751838914;-0.02934222107785267
2975;32.948346853256226;0.009820999999999996;-8.910763771121516e-05;0.0007871457843970225;-0.02336225040931339
2976;32.959062576293945;0.008820999999999996;-0.0015994065819691025;-0.007163821734764805;-0.030837213744987046
2977;32.96977782249451;0.009820999999999996;-8.910763771121516e-05;-0.0031883379751838914;-0.02635223574358303
2978;32.98050022125244;0.009820999999999996;-0.0015994065819691025;-0.0031883379751838914;-0.02934222107785267
2979;32.99123001098633;0.008820999999999996;-0.0015994065819691025;0.0007871457843970225;-0.03233220641212231
2980;33.00194501876831;0.009820999999999996;-8.910763771121516e-05;-0.0031883379751838914;-0.02336225040931339
2981;33.01271319389343;0.010820999999999997;-8.910763771121516e-05;-0.0031883379751838914;-0.02934222107785267
2982;33.023436307907104;0.010820999999999997;-8.910763771121516e-05;-0.0031883379751838914;-0.024857243076448654
2983;33.03415513038635;0.009820999999999996;-0.0015994065819691025;-0.007163821734764805;-0.024857243076448654
2984;33.04491472244263;0.008820999999999996;-8.910763771121516e-05;-0.0031883379751838914;-0.030837213744987046
2985;33.05563259124756;0.010820999999999997;-0.0015994065819691025;-0.0031883379751838914;-0.018877272407909373
2986;33.06635046005249;0.010820999999999997;-8.910763771121516e-05;-0.0031883379751838914;-0.027847228410717406
2987;33.07706594467163;0.010820999999999997;-0.0015994065819691025;-0.0031883379751838914;-0.027847228410717406
2988;33.087780475616455;0.009820999999999996;0.0014211913065466722;-0.0031883379751838914;-0.021867257742179014
2989;33.09849739074707;0.009820999999999996;-0.0015994065819691025;-0.007163821734764805;-0.03233220641212231
2990;33.109211921691895;0.010820999999999997;0.0014211913065466722;-0.007163821734764805;-0.024857243076448654
2991;33.11998915672302;0.008820999999999996;-8.910763771121516e-05;-0.0031883379751838914;-0.027847228410717406
2992;33.130752086639404;0.009820999999999996;-8.910763771121516e-05;-0.0031883379751838914;-0.027847228410717406
2993;33.14146423339844;0.010820999999999997;-8.910763771121516e-05;0.0007871457843970225;-0.02336225040931339
2994;33.152230739593506;0.007820999999999995;-8.910763771121516e-05;-0.0031883379751838914;-0.03233220641212231
2995;33.162957191467285;0.009820999999999996;-8.910763771121516e-05;-0.0031883379751838914;-0.021867257742179014
2996;33.1736741065979;0.010820999999999997;-8.910763771121516e-05;-0.0031883379751838914;-0.027847228410717406
2997;33.18438720703125;0.010820999999999997;-8.910763771121516e-05;-0.0031883379751838914;-0.027847228410717406
2998;33.19642686843872;0.009820999999999996;-0.0015994065819691025;-0.0031883379751838914;-0.024857243076448654
2999;33.207157373428345;0.009820999999999996;-8.910763771121516e-05;-0.0031883379751838914;-0.03233220641212231
3000;33.21792912483215;0.010820999999999997;-8.910763771121516e-05;-0.0031883379751838914;-0.021867257742179014
3001;33.228647232055664;0.009820999999999996;-8.910763771121516e-05;0.0007871457843970225;-0.02934222107785267
3002;33.23936200141907;0.009820999999999996;-8.910763771121516e-05;-0.0031883379751838914;-0.030837213744987046
3003;33.25012946128845;0.009820999999999996;-8.910763771121516e-05;-0.007163821734764805;-0.02336225040931339
3004;33.260847091674805;0.009820999999999996;-0.0015994065819691025;-0.0031883379751838914;-0.03233220641212231
3005;33.27156376838684;0.009820999999999996;-8.910763771121516e-05;-0.007163821734764805;-0.024857243076448654
3006;33.2822802066803;0.010820999999999997;-0.0015994065819691025;-0.0031883379751838914;-0.030837213744987046
3007;33.29298996925354;0.009820999999999996;-0.0015994065819691025;-0.0031883379751838914;-0.02635223574358303
3008;33.30370044708252;0.007820999999999995;-8.910763771121516e-05;-0.0031883379751838914;-0.020372265075044638
3009;33.31440043449402;0.009820999999999996;-8.910763771121516e-05;-0.0031883379751838914;-0.02635223574358303
3010;33.325119972229004;0.010820999999999997;-8.910763771121516e-05;-0.007163821734764805;-0.01588728707364062
3011;33.33583331108093;0.009820999999999996;-0.0015994065819691025;-0.0031883379751838914;-0.03681718441352633
3012;33.34658885002136;0.010820999999999997;-0.0015994065819691025;-0.0031883379751838914;-0.04578714041633436
3013;33.3573534488678;0.009820999999999996;-8.910763771121516e-05;-0.0031883379751838914;-0.024857243076448654
3014;33.36807584762573;0.009820999999999996;0.0014211913065466722;-0.007163821734764805;-0.017382279740774997
3015;33.37879014015198;0.010820999999999997;-8.910763771121516e-05;-0.0031883379751838914;-0.011402309072236605
3016;33.38951635360718;0.009820999999999996;-8.910763771121516e-05;0.0007871457843970225;-0.03532219174639106
3017;33.40023732185364;0.010820999999999997;-0.0015994065819691025;-0.0031883379751838914;-0.044292147749199096
3018;33.41094994544983;0.008820999999999996;-8.910763771121516e-05;-0.007163821734764805;-0.030837213744987046
3019;33.42166209220886;0.010820999999999997;-0.0015994065819691025;-0.0031883379751838914;-0.024857243076448654
3020;33.43238306045532;0.009820999999999996;-0.0015994065819691025;0.0007871457843970225;-0.006917331070832589
3021;33.443098306655884;0.010820999999999997;-0.0015994065819691025;-0.0031883379751838914;-0.024857243076448654
3022;33.45385408401489;0.009820999999999996;-8.910763771121516e-05;-0.0031883379751838914;-0.0383121770806607
3023;33.46456956863403;0.008820999999999996;-8.910763771121516e-05;-0.0031883379751838914;-0.0383121770806607
3024;33.475388050079346;0.010820999999999997;-8.910763771121516e-05;-0.011139305494345733;-0.03233220641212231
3025;33.48610734939575;0.009820999999999996;-8.910763771121516e-05;-0.0031883379751838914;-0.006917331070832589
3026;33.496821880340576;0.009820999999999996;-8.910763771121516e-05;-0.0031883379751838914;-0.024857243076448654
3027;33.50754117965698;0.008820999999999996;-8.910763771121516e-05;-0.0031883379751838914;-0.020372265075044638
3028;33.518258810043335;0.008820999999999996;-8.910763771121516e-05;0.0007871457843970225;-0.0383121770806607
3029;33.528982639312744;0.008820999999999996;-0.0015994065819691025;-0.0031883379751838914;-0.021867257742179014
3030;33.539695024490356;0.009820999999999996;-8.910763771121516e-05;0.0007871457843970225;-0.017382279740774997
3031;33.5504515171051;0.010820999999999997;-8.910763771121516e-05;-0.0031883379751838914;-0.012897301739370981
3032;33.561166763305664;0.009820999999999996;0.0014211913065466722;-0.0031883379751838914;-0.02635223574358303
3033;33.5718834400177;0.009820999999999996;-8.910763771121516e-05;-0.007163821734764805;-0.02934222107785267
3034;33.582661628723145;0.009820999999999996;-8.910763771121516e-05;-0.0031883379751838914;-0.030837213744987046
3035;33.59342002868652;0.010820999999999997;-8.910763771121516e-05;-0.0031883379751838914;-0.02635223574358303
3036;33.60413694381714;0.009820999999999996;-8.910763771121516e-05;-0.007163821734764805;-0.00990731640510134
3037;33.61485528945923;0.009820999999999996;-8.910763771121516e-05;-0.0031883379751838914;-0.02934222107785267
3038;33.62556719779968;0.009820999999999996;-0.0015994065819691025;-0.0031883379751838914;-0.027847228410717406
3039;33.63628602027893;0.010820999999999997;-8.910763771121516e-05;-0.0031883379751838914;-0.03681718441352633
3040;33.6470410823822;0.009820999999999996;-0.0015994065819691025;-0.0031883379751838914;-0.027847228410717406
3041;33.657761096954346;0.010820999999999997;-0.0015994065819691025;-0.0031883379751838914;-0.017382279740774997
3042;33.6684832572937;0.010820999999999997;-8.910763771121516e-05;-0.0031883379751838914;-0.03233220641212231
3043;33.67919874191284;0.009820999999999996;-0.0015994065819691025;0.0007871457843970225;-0.02635223574358303
3044;33.68996596336365;0.008820999999999996;-0.00310970552622699;-0.0031883379751838914;-0.03681718441352633
3045;33.700724601745605;0.008820999999999996;-8.910763771121516e-05;-0.0031883379751838914;-0.03681718441352633
3046;33.71143984794617;0.010820999999999997;-0.0015994065819691025;-0.0031883379751838914;-0.02635223574358303
3047;33.722163915634155;0.010820999999999997;-8.910763771121516e-05;-0.0031883379751838914;-0.02934222107785267
3048;33.73288106918335;0.009820999999999996;-8.910763771121516e-05;0.0007871457843970225;-0.027847228410717406
3049;33.74360275268555;0.009820999999999996;-8.910763771121516e-05;-0.0031883379751838914;-0.03532219174639106
3050;33.75436091423035;0.008820999999999996;-0.0015994065819691025;-0.0031883379751838914;-0.03532219174639106
3051;33.765082597732544;0.008820999999999996;-8.910763771121516e-05;-0.0031883379751838914;-0.02336225040931339
3052;33.775794982910156;0.009820999999999996;-0.0015994065819691025;-0.0031883379751838914;-0.02336225040931339
3053;33.786515951156616;0.010820999999999997;-8.910763771121516e-05;-0.0031883379751838914;-0.024857243076448654
3054;33.79728102684021;0.011820999999999998;-8.910763771121516e-05;-0.0031883379751838914;-0.02635223574358303
3055;33.80804967880249;0.009820999999999996;-0.0015994065819691025;-0.0031883379751838914;-0.03532219174639106
3056;33.81876039505005;0.010820999999999997;-8.910763771121516e-05;-0.0031883379751838914;-0.020372265075044638
3057;33.82947897911072;0.008820999999999996;-8.910763771121516e-05;0.0007871457843970225;-0.02336225040931339
3058;33.840197801589966;0.009820999999999996;0.0029314902508045595;0.0007871457843970225;-0.020372265075044638
3059;33.85095977783203;0.010820999999999997;-0.0015994065819691025;-0.0031883379751838914;-0.017382279740774997
3060;33.86167645454407;0.009820999999999996;-8.910763771121516e-05;-0.0031883379751838914;-0.03233220641212231
3061;33.87239670753479;0.007820999999999995;-0.0015994065819691025;-0.0031883379751838914;-0.017382279740774997
3062;33.88311982154846;0.009820999999999996;-0.0015994065819691025;-0.0031883379751838914;-0.024857243076448654
3063;33.89383888244629;0.010820999999999997;-8.910763771121516e-05;-0.0031883379751838914;-0.021867257742179014
3064;33.90455198287964;0.010820999999999997;-8.910763771121516e-05;-0.007163821734764805;-0.021867257742179014
3065;33.91537547111511;0.008820999999999996;0.0014211913065466722;-0.0031883379751838914;-0.030837213744987046
3066;33.92610168457031;0.009820999999999996;-8.910763771121516e-05;0.0007871457843970225;-0.027847228410717406
3067;33.93682026863098;0.009820999999999996;-8.910763771121516e-05;-0.0031883379751838914;-0.027847228410717406
3068;33.94757556915283;0.009820999999999996;-8.910763771121516e-05;0.0007871457843970225;-0.027847228410717406
3069;33.95829510688782;0.009820999999999996;-0.0015994065819691025;-0.0031883379751838914;-0.02336225040931339
3070;33.96900987625122;0.009820999999999996;-0.0015994065819691025;-0.0031883379751838914;-0.0383121770806607
3071;33.97972750663757;0.009820999999999996;-8.910763771121516e-05;-0.0031883379751838914;-0.027847228410717406
3072;33.99044132232666;0.009820999999999996;-0.0015994065819691025;-0.007163821734764805;-0.03532219174639106
3073;34.00116944313049;0.009820999999999996;-8.910763771121516e-05;-0.0031883379751838914;-0.021867257742179014
3074;34.011879444122314;0.009820999999999996;-8.910763771121516e-05;-0.011139305494345733;-0.03382719907925669
3075;34.022650480270386;0.009820999999999996;-0.0015994065819691025;-0.0031883379751838914;-0.02635223574358303
3076;34.03341627120972;0.010820999999999997;-8.910763771121516e-05;-0.0031883379751838914;-0.03532219174639106
3077;34.04413366317749;0.009820999999999996;-8.910763771121516e-05;-0.0031883379751838914;-0.02934222107785267
3078;34.05489706993103;0.008820999999999996;-8.910763771121516e-05;-0.0031883379751838914;-0.021867257742179014
3079;34.06561875343323;0.010820999999999997;-0.00310970552622699;-0.007163821734764805;-0.02934222107785267
3080;34.07633304595947;0.010820999999999997;-8.910763771121516e-05;-0.0031883379751838914;-0.017382279740774997
3081;34.08704948425293;0.009820999999999996;-8.910763771121516e-05;-0.0031883379751838914;-0.03532219174639106
3082;34.09776020050049;0.010820999999999997;-8.910763771121516e-05;-0.0031883379751838914;-0.020372265075044638
3083;34.10847353935242;0.009820999999999996;-0.0015994065819691025;-0.0031883379751838914;-0.021867257742179014
3084;34.119189739227295;0.009820999999999996;-8.910763771121516e-05;-0.0031883379751838914;-0.027847228410717406
3085;34.129971981048584;0.010820999999999997;-8.910763771121516e-05;-0.0031883379751838914;-0.017382279740774997
3086;34.14073395729065;0.010820999999999997;-0.0015994065819691025;-0.0031883379751838914;-0.02934222107785267
3087;34.15148639678955;0.009820999999999996;-8.910763771121516e-05;-0.0031883379751838914;-0.024857243076448654
3088;34.16220712661743;0.010820999999999997;-8.910763771121516e-05;-0.0031883379751838914;-0.024857243076448654
3089;34.17291855812073;0.009820999999999996;-8.910763771121516e-05;-0.0031883379751838914;-0.02635223574358303
3090;34.18363165855408;0.009820999999999996;-8.910763771121516e-05;-0.0031883379751838914;-0.021867257742179014
3091;34.194347858428955;0.009820999999999996;-8.910763771121516e-05;-0.0031883379751838914;-0.02934222107785267
3092;34.20506930351257;0.009820999999999996;-0.0015994065819691025;-0.0031883379751838914;-0.024857243076448654
3093;34.215790033340454;0.010820999999999997;-8.910763771121516e-05;-0.007163821734764805;-0.027847228410717406
3094;34.22650718688965;0.007820999999999995;-0.0015994065819691025;-0.0031883379751838914;-0.030837213744987046
3095;34.238566875457764;0.010820999999999997;0.0014211913065466722;-0.0031883379751838914;-0.02635223574358303
3096;34.24928164482117;0.010820999999999997;-0.00310970552622699;-0.0031883379751838914;-0.030837213744987046
3097;34.26004076004028;0.009820999999999996;-8.910763771121516e-05;0.0007871457843970225;-0.03382719907925669
3098;34.27075147628784;0.009820999999999996;-8.910763771121516e-05;-0.0031883379751838914;-0.030837213744987046
3099;34.28146719932556;0.009820999999999996;-8.910763771121516e-05;-0.0031883379751838914;-0.03233220641212231
3100;34.292176246643066;0.009820999999999996;-0.0015994065819691025;-0.007163821734764805;-0.027847228410717406
3101;34.30289173126221;0.009820999999999996;-0.0015994065819691025;-0.007163821734764805;-0.027847228410717406
3102;34.313607692718506;0.009820999999999996;0.0014211913065466722;-0.0031883379751838914;-0.03382719907925669
3103;34.32431387901306;0.010820999999999997;-0.00310970552622699;-0.0031883379751838914;-0.02635223574358303
3104;34.33503580093384;0.009820999999999996;-8.910763771121516e-05;-0.0031883379751838914;-0.027847228410717406
3105;34.34569501876831;0.010820999999999997;-8.910763771121516e-05;-0.0031883379751838914;-0.027847228410717406
3106;34.356440782547;0.010820999999999997;-8.910763771121516e-05;-0.0031883379751838914;-0.02336225040931339
3107;34.36714720726013;0.010820999999999997;-0.0015994065819691025;-0.0031883379751838914;-0.030837213744987046
3108;34.37789845466614;0.010820999999999997;0.0029314902508045595;0.0007871457843970225;-0.024857243076448654
3109;34.38860774040222;0.009820999999999996;-0.0015994065819691025;-0.0031883379751838914;-0.02635223574358303
3110;34.39931058883667;0.010820999999999997;-8.910763771121516e-05;0.0007871457843970225;-0.024857243076448654
3111;34.410019397735596;0.010820999999999997;-8.910763771121516e-05;-0.0031883379751838914;-0.02336225040931339
3112;34.4207398891449;0.010820999999999997;-8.910763771121516e-05;-0.0031883379751838914;-0.024857243076448654
3113;34.43144154548645;0.010820999999999997;-0.0015994065819691025;-0.0031883379751838914;-0.024857243076448654
3114;34.442145586013794;0.009820999999999996;-8.910763771121516e-05;-0.0031883379751838914;-0.02635223574358303
3115;34.452855825424194;0.010820999999999997;-0.0015994065819691025;0.0007871457843970225;-0.02336225040931339
3116;34.463600635528564;0.010820999999999997;0.0014211913065466722;-0.0031883379751838914;-0.02934222107785267
3117;34.474303007125854;0.010820999999999997;-8.910763771121516e-05;-0.0031883379751838914;-0.02635223574358303
3118;34.48501777648926;0.011820999999999998;-8.910763771121516e-05;-0.0031883379751838914;-0.027847228410717406
3119;34.495725870132446;0.008820999999999996;-8.910763771121516e-05;-0.0031883379751838914;-0.027847228410717406
3120;34.50642776489258;0.010820999999999997;-0.0015994065819691025;-0.0031883379751838914;-0.020372265075044638
3121;34.51713013648987;0.010820999999999997;-8.910763771121516e-05;-0.0031883379751838914;-0.03980716974779508
3122;34.5278377532959;0.009820999999999996;-8.910763771121516e-05;-0.0031883379751838914;-0.017382279740774997
3123;34.538549184799194;0.009820999999999996;0.0014211913065466722;-0.0031883379751838914;-0.03233220641212231
3124;34.54925537109375;0.010820999999999997;-0.0015994065819691025;-0.0031883379751838914;-0.027847228410717406
3125;34.5600528717041;0.009820999999999996;-8.910763771121516e-05;-0.0031883379751838914;-0.02934222107785267
3126;34.57076072692871;0.009820999999999996;-8.910763771121516e-05;-0.007163821734764805;-0.03382719907925669
3127;34.58146572113037;0.010820999999999997;-8.910763771121516e-05;-0.0031883379751838914;-0.024857243076448654
3128;34.59216380119324;0.011820999999999998;-0.0015994065819691025;-0.007163821734764805;-0.030837213744987046
3129;34.602869749069214;0.010820999999999997;0.0014211913065466722;-0.007163821734764805;-0.03382719907925669
3130;34.613574266433716;0.010820999999999997;-8.910763771121516e-05;-0.0031883379751838914;-0.024857243076448654
3131;34.624284982681274;0.009820999999999996;-8.910763771121516e-05;-0.0031883379751838914;-0.03233220641212231
3132;34.635042667388916;0.010820999999999997;-8.910763771121516e-05;-0.0031883379751838914;-0.02934222107785267
3133;34.645755767822266;0.009820999999999996;-0.0015994065819691025;-0.0031883379751838914;-0.02336225040931339
3134;34.656466484069824;0.010820999999999997;-0.0015994065819691025;-0.0031883379751838914;-0.03233220641212231
3135;34.66724753379822;0.010820999999999997;-8.910763771121516e-05;-0.0031883379751838914;-0.020372265075044638
3136;34.678086042404175;0.010820999999999997;-8.910763771121516e-05;-0.0031883379751838914;-0.03233220641212231
3137;34.68881034851074;0.011820999999999998;-8.910763771121516e-05;-0.007163821734764805;-0.02635223574358303
3138;34.6995313167572;0.010820999999999997;-8.910763771121516e-05;-0.0031883379751838914;-0.02336225040931339
3139;34.71025848388672;0.009820999999999996;-0.0015994065819691025;-0.0031883379751838914;-0.02635223574358303
3140;34.72097134590149;0.011820999999999998;-8.910763771121516e-05;-0.0031883379751838914;-0.02336225040931339
3141;34.731688499450684;0.009820999999999996;-0.0015994065819691025;-0.0031883379751838914;-0.027847228410717406
3142;34.74241042137146;0.008820999999999996;-8.910763771121516e-05;-0.0031883379751838914;-0.020372265075044638
3143;34.75313329696655;0.010820999999999997;-8.910763771121516e-05;-0.0031883379751838914;-0.03233220641212231
3144;34.76388883590698;0.011820999999999998;-8.910763771121516e-05;-0.0031883379751838914;-0.020372265075044638
3145;34.77465844154358;0.008820999999999996;-8.910763771121516e-05;-0.0031883379751838914;-0.02635223574358303
3146;34.78541898727417;0.009820999999999996;-8.910763771121516e-05;-0.0031883379751838914;-0.02336225040931339
3147;34.79613780975342;0.009820999999999996;-8.910763771121516e-05;-0.0031883379751838914;-0.027847228410717406
3148;34.80685496330261;0.010820999999999997;-0.0015994065819691025;-0.0031883379751838914;-0.027847228410717406
3149;34.81757378578186;0.009820999999999996;-8.910763771121516e-05;-0.0031883379751838914;-0.02635223574358303
3150;34.82831048965454;0.009820999999999996;-8.910763771121516e-05;-0.0031883379751838914;-0.02934222107785267
3151;34.839035987854004;0.010820999999999997;-8.910763771121516e-05;-0.0031883379751838914;-0.02635223574358303
3152;34.84975862503052;0.010820999999999997;-8.910763771121516e-05;-0.0031883379751838914;-0.03382719907925669
3153;34.86052322387695;0.010820999999999997;-8.910763771121516e-05;0.0007871457843970225;-0.027847228410717406
3154;34.871246576309204;0.010820999999999997;-0.0015994065819691025;-0.0031883379751838914;-0.02635223574358303
3155;34.88196063041687;0.009820999999999996;-8.910763771121516e-05;0.0007871457843970225;-0.03532219174639106
3156;34.89268183708191;0.009820999999999996;-8.910763771121516e-05;-0.0031883379751838914;-0.024857243076448654
3157;34.903409004211426;0.010820999999999997;-8.910763771121516e-05;-0.0031883379751838914;-0.03532219174639106
3158;34.91412663459778;0.009820999999999996;-8.910763771121516e-05;-0.0031883379751838914;-0.02635223574358303
3159;34.92484378814697;0.010820999999999997;-0.0015994065819691025;-0.0031883379751838914;-0.030837213744987046
3160;34.93556571006775;0.009820999999999996;-8.910763771121516e-05;-0.0031883379751838914;-0.024857243076448654
3161;34.946293115615845;0.010820999999999997;-8.910763771121516e-05;-0.0031883379751838914;-0.027847228410717406
3162;34.957006216049194;0.008820999999999996;-8.910763771121516e-05;-0.007163821734764805;-0.02336225040931339
3163;34.96776270866394;0.009820999999999996;-0.0015994065819691025;-0.0031883379751838914;-0.03532219174639106
3164;34.97847509384155;0.009820999999999996;-8.910763771121516e-05;0.0007871457843970225;-0.018877272407909373
3165;34.989189863204956;0.009820999999999996;-0.0015994065819691025;-0.0031883379751838914;-0.02635223574358303
3166;34.999974727630615;0.008820999999999996;-0.0015994065819691025;-0.0031883379751838914;-0.03233220641212231
3167;35.01073670387268;0.009820999999999996;-0.0015994065819691025;-0.0031883379751838914;-0.014392294406505357
3168;35.0214478969574;0.009820999999999996;-0.0015994065819691025;-0.0031883379751838914;-0.03681718441352633
3169;35.032167196273804;0.009820999999999996;-8.910763771121516e-05;-0.0031883379751838914;-0.01588728707364062
3170;35.042893171310425;0.010820999999999997;-0.0015994065819691025;-0.0031883379751838914;-0.02635223574358303
3171;35.053619384765625;0.008820999999999996;-0.00310970552622699;-0.007163821734764805;-0.02635223574358303
3172;35.064377784729004;0.008820999999999996;-0.00310970552622699;-0.0031883379751838914;-0.017382279740774997
3173;35.07510328292847;0.011820999999999998;0.0014211913065466722;-0.0031883379751838914;-0.03382719907925669
3174;35.085827112197876;0.010820999999999997;-8.910763771121516e-05;0.0007871457843970225;-0.014392294406505357
3175;35.09653949737549;0.010820999999999997;-0.0015994065819691025;0.0007871457843970225;-0.030837213744987046
3176;35.10731625556946;0.009820999999999996;-8.910763771121516e-05;-0.0031883379751838914;-0.027847228410717406
3177;35.11808133125305;0.010820999999999997;0.0014211913065466722;-0.0031883379751838914;-0.02635223574358303
3178;35.12879800796509;0.009820999999999996;-8.910763771121516e-05;0.0007871457843970225;-0.03233220641212231
3179;35.13951516151428;0.009820999999999996;-8.910763771121516e-05;-0.0031883379751838914;-0.024857243076448654
3180;35.150238037109375;0.009820999999999996;-0.0015994065819691025;-0.007163821734764805;-0.027847228410717406
3181;35.16094517707825;0.009820999999999996;-8.910763771121516e-05;-0.007163821734764805;-0.03382719907925669
3182;35.17169976234436;0.009820999999999996;-8.910763771121516e-05;0.0007871457843970225;-0.027847228410717406
3183;35.182417154312134;0.008820999999999996;-8.910763771121516e-05;-0.0031883379751838914;-0.02934222107785267
3184;35.1931357383728;0.010820999999999997;0.0029314902508045595;-0.0031883379751838914;-0.03233220641212231
3185;35.20384955406189;0.010820999999999997;-8.910763771121516e-05;-0.0031883379751838914;-0.021867257742179014
3186;35.21456480026245;0.009820999999999996;0.0014211913065466722;-0.0031883379751838914;-0.03233220641212231
3187;35.22538614273071;0.009820999999999996;-8.910763771121516e-05;-0.0031883379751838914;-0.021867257742179014
3188;35.236106872558594;0.010820999999999997;-8.910763771121516e-05;-0.007163821734764805;-0.03233220641212231
3189;35.24682378768921;0.009820999999999996;-0.0015994065819691025;-0.0031883379751838914;-0.02336225040931339
3190;35.25754690170288;0.010820999999999997;-8.910763771121516e-05;-0.0031883379751838914;-0.024857243076448654
3191;35.26962494850159;0.010820999999999997;0.0014211913065466722;-0.0031883379751838914;-0.02934222107785267
3192;35.280349254608154;0.010820999999999997;-8.910763771121516e-05;0.0007871457843970225;-0.02336225040931339
3193;35.29107093811035;0.009820999999999996;0.0014211913065466722;0.0007871457843970225;-0.02934222107785267
3194;35.30175423622131;0.009820999999999996;-0.00310970552622699;-0.0031883379751838914;-0.021867257742179014
3195;35.3124566078186;0.008820999999999996;0.0014211913065466722;-0.0031883379751838914;-0.027847228410717406
3196;35.32317399978638;0.009820999999999996;-0.00310970552622699;-0.0031883379751838914;-0.02336225040931339
3197;35.33388805389404;0.009820999999999996;-8.910763771121516e-05;-0.0031883379751838914;-0.02635223574358303
3198;35.34465050697327;0.009820999999999996;-0.0015994065819691025;-0.0031883379751838914;-0.024857243076448654
3199;35.35540723800659;0.009820999999999996;-0.0015994065819691025;-0.007163821734764805;-0.021867257742179014
3200;35.366164207458496;0.009820999999999996;-0.0015994065819691025;0.0007871457843970225;-0.02635223574358303
3201;35.376869678497314;0.009820999999999996;-8.910763771121516e-05;0.0007871457843970225;-0.02635223574358303
3202;35.38757848739624;0.009820999999999996;-8.910763771121516e-05;0.0007871457843970225;-0.030837213744987046
3203;35.39828896522522;0.010820999999999997;-0.0015994065819691025;0.0007871457843970225;-0.02635223574358303
3204;35.408998012542725;0.009820999999999996;-8.910763771121516e-05;-0.0031883379751838914;-0.030837213744987046
3205;35.419708013534546;0.009820999999999996;-0.0015994065819691025;-0.0031883379751838914;-0.02336225040931339
3206;35.4304256439209;0.009820999999999996;-8.910763771121516e-05;-0.0031883379751838914;-0.02934222107785267
3207;35.44113802909851;0.009820999999999996;-0.0015994065819691025;0.0007871457843970225;-0.02635223574358303
3208;35.451857566833496;0.009820999999999996;-8.910763771121516e-05;0.0007871457843970225;-0.03382719907925669
3209;35.46263146400452;0.009820999999999996;-8.910763771121516e-05;-0.007163821734764805;-0.02934222107785267
3210;35.47343039512634;0.009820999999999996;-8.910763771121516e-05;-0.0031883379751838914;-0.024857243076448654
3211;35.48415422439575;0.008820999999999996;-8.910763771121516e-05;-0.0031883379751838914;-0.027847228410717406
3212;35.494868516922;0.010820999999999997;0.0014211913065466722;-0.0031883379751838914;-0.024857243076448654
3213;35.50558161735535;0.009820999999999996;-0.0015994065819691025;-0.0031883379751838914;-0.030837213744987046
3214;35.51630163192749;0.008820999999999996;-8.910763771121516e-05;-0.0031883379751838914;-0.02635223574358303
3215;35.5270254611969;0.010820999999999997;-0.00310970552622699;-0.0031883379751838914;-0.030837213744987046
3216;35.537741899490356;0.008820999999999996;-8.910763771121516e-05;-0.0031883379751838914;-0.024857243076448654
3217;35.548457860946655;0.009820999999999996;-8.910763771121516e-05;-0.0031883379751838914;-0.024857243076448654
3218;35.55917692184448;0.009820999999999996;-8.910763771121516e-05;-0.0031883379751838914;-0.024857243076448654
3219;35.56994986534119;0.010820999999999997;-0.0015994065819691025;-0.0031883379751838914;-0.02934222107785267
3220;35.580718755722046;0.010820999999999997;-0.0015994065819691025;-0.0031883379751838914;-0.020372265075044638
3221;35.591437578201294;0.008820999999999996;-0.0015994065819691025;-0.007163821734764805;-0.02934222107785267
3222;35.60216426849365;0.011820999999999998;-8.910763771121516e-05;-0.0031883379751838914;-0.024857243076448654
3223;35.612876415252686;0.010820999999999997;-0.0015994065819691025;0.0007871457843970225;-0.027847228410717406
3224;35.623589754104614;0.009820999999999996;-0.0015994065819691025;-0.0031883379751838914;-0.02635223574358303
3225;35.63430571556091;0.008820999999999996;-8.910763771121516e-05;-0.0031883379751838914;-0.018877272407909373
3226;35.64502167701721;0.011820999999999998;-8.910763771121516e-05;-0.0031883379751838914;-0.03382719907925669
3227;35.6557354927063;0.008820999999999996;-0.0015994065819691025;-0.007163821734764805;-0.021867257742179014
3228;35.66649150848389;0.009820999999999996;-8.910763771121516e-05;0.0007871457843970225;-0.024857243076448654
3229;35.677266120910645;0.008820999999999996;-8.910763771121516e-05;0.0007871457843970225;-0.03233220641212231
3230;35.68804049491882;0.009820999999999996;-0.0015994065819691025;-0.007163821734764805;-0.020372265075044638
3231;35.69875955581665;0.009820999999999996;-0.0015994065819691025;-0.0031883379751838914;-0.0383121770806607
3232;35.7094829082489;0.010820999999999997;-0.00310970552622699;-0.0031883379751838914;-0.021867257742179014
3233;35.720200061798096;0.009820999999999996;-8.910763771121516e-05;-0.0031883379751838914;-0.02934222107785267
3234;35.730915784835815;0.010820999999999997;-8.910763771121516e-05;-0.0031883379751838914;-0.03233220641212231
3235;35.74163341522217;0.010820999999999997;-8.910763771121516e-05;-0.0031883379751838914;-0.018877272407909373
3236;35.75234794616699;0.008820999999999996;-0.0015994065819691025;-0.0031883379751838914;-0.03681718441352633
3237;35.763063192367554;0.010820999999999997;0.0014211913065466722;0.0007871457843970225;-0.024857243076448654
3238;35.77382159233093;0.010820999999999997;-8.910763771121516e-05;-0.007163821734764805;-0.02635223574358303
3239;35.78453969955444;0.008820999999999996;0.0014211913065466722;-0.0031883379751838914;-0.027847228410717406
3240;35.795356035232544;0.010820999999999997;-8.910763771121516e-05;-0.0031883379751838914;-0.021867257742179014
3241;35.806079387664795;0.008820999999999996;0.0014211913065466722;-0.007163821734764805;-0.02934222107785267
3242;35.81680107116699;0.009820999999999996;-0.0015994065819691025;0.0007871457843970225;-0.027847228410717406
3243;35.827521562576294;0.009820999999999996;-8.910763771121516e-05;-0.0031883379751838914;-0.021867257742179014
3244;35.83824396133423;0.009820999999999996;-0.0015994065819691025;-0.0031883379751838914;-0.02934222107785267
3245;35.848960638046265;0.009820999999999996;-8.910763771121516e-05;-0.0031883379751838914;-0.021867257742179014
3246;35.85967516899109;0.009820999999999996;-0.0015994065819691025;-0.0031883379751838914;-0.027847228410717406
3247;35.870426177978516;0.008820999999999996;-8.910763771121516e-05;-0.007163821734764805;-0.027847228410717406
3248;35.88114523887634;0.009820999999999996;-0.0015994065819691025;-0.0031883379751838914;-0.02336225040931339
3249;35.89186716079712;0.008820999999999996;0.0014211913065466722;-0.0031883379751838914;-0.030837213744987046
3250;35.90264701843262;0.010820999999999997;-8.910763771121516e-05;-0.0031883379751838914;-0.021867257742179014
3251;35.91341495513916;0.009820999999999996;-0.0015994065819691025;-0.007163821734764805;-0.027847228410717406
3252;35.92413306236267;0.010820999999999997;-8.910763771121516e-05;-0.0031883379751838914;-0.027847228410717406
3253;35.93484711647034;0.009820999999999996;-8.910763771121516e-05;-0.0031883379751838914;-0.024857243076448654
3254;35.945565938949585;0.009820999999999996;-0.0015994065819691025;0.0007871457843970225;-0.03233220641212231
3255;35.956284284591675;0.010820999999999997;0.0014211913065466722;-0.0031883379751838914;-0.021867257742179014
3256;35.966999530792236;0.009820999999999996;-8.910763771121516e-05;0.0007871457843970225;-0.02934222107785267
3257;35.97775459289551;0.009820999999999996;-0.0015994065819691025;-0.0031883379751838914;-0.02934222107785267
3258;35.98847460746765;0.009820999999999996;-8.910763771121516e-05;-0.0031883379751838914;-0.02336225040931339
3259;35.99923133850098;0.010820999999999997;-0.0015994065819691025;0.0007871457843970225;-0.03233220641212231
3260;36.010008096694946;0.009820999999999996;-8.910763771121516e-05;-0.0031883379751838914;-0.02336225040931339
3261;36.02072620391846;0.009820999999999996;-8.910763771121516e-05;-0.007163821734764805;-0.02635223574358303
3262;36.03143858909607;0.010820999999999997;-8.910763771121516e-05;-0.0031883379751838914;-0.02934222107785267
3263;36.04216003417969;0.009820999999999996;0.0014211913065466722;-0.0031883379751838914;-0.02336225040931339
3264;36.05287790298462;0.010820999999999997;-8.910763771121516e-05;0.0007871457843970225;-0.03233220641212231
3265;36.063592195510864;0.008820999999999996;-0.0015994065819691025;-0.0031883379751838914;-0.027847228410717406
3266;36.07431197166443;0.009820999999999996;-8.910763771121516e-05;-0.0031883379751838914;-0.02336225040931339
3267;36.0850305557251;0.007820999999999995;-8.910763771121516e-05;-0.0031883379751838914;-0.03382719907925669
3268;36.0957510471344;0.008820999999999996;-8.910763771121516e-05;0.0007871457843970225;-0.02336225040931339
3269;36.106467962265015;0.009820999999999996;-8.910763771121516e-05;-0.007163821734764805;-0.02934222107785267
3270;36.11724543571472;0.009820999999999996;-8.910763771121516e-05;-0.0031883379751838914;-0.02336225040931339
3271;36.128007650375366;0.010820999999999997;-0.0015994065819691025;-0.0031883379751838914;-0.02336225040931339
3272;36.1387197971344;0.010820999999999997;-0.00310970552622699;0.0007871457843970225;-0.027847228410717406
3273;36.14945077896118;0.009820999999999996;-8.910763771121516e-05;-0.0031883379751838914;-0.02336225040931339
3274;36.16017246246338;0.009820999999999996;-8.910763771121516e-05;-0.0031883379751838914;-0.02635223574358303
3275;36.17092704772949;0.010820999999999997;0.0014211913065466722;0.0007871457843970225;-0.02635223574358303
3276;36.18164944648743;0.009820999999999996;-8.910763771121516e-05;-0.0031883379751838914;-0.02336225040931339
3277;36.19236159324646;0.009820999999999996;0.0014211913065466722;0.0007871457843970225;-0.02635223574358303
3278;36.203075647354126;0.008820999999999996;-8.910763771121516e-05;-0.0031883379751838914;-0.027847228410717406
3279;36.213796615600586;0.010820999999999997;-0.00310970552622699;-0.0031883379751838914;-0.02336225040931339
3280;36.22451424598694;0.010820999999999997;-0.0015994065819691025;-0.0031883379751838914;-0.02934222107785267
3281;36.23534035682678;0.009820999999999996;0.0014211913065466722;-0.0031883379751838914;-0.027847228410717406
3282;36.24606156349182;0.010820999999999997;-0.0015994065819691025;-0.0031883379751838914;-0.02635223574358303
3283;36.25677990913391;0.008820999999999996;-0.0015994065819691025;-0.0031883379751838914;-0.024857243076448654
3284;36.2674925327301;0.009820999999999996;-0.0015994065819691025;0.0007871457843970225;-0.027847228410717406
3285;36.278244733810425;0.009820999999999996;-8.910763771121516e-05;-0.007163821734764805;-0.02635223574358303
3286;36.28896403312683;0.010820999999999997;-0.0015994065819691025;0.0007871457843970225;-0.02635223574358303
3287;36.29967498779297;0.009820999999999996;-8.910763771121516e-05;-0.0031883379751838914;-0.02934222107785267
3288;36.31173491477966;0.010820999999999997;-8.910763771121516e-05;-0.0031883379751838914;-0.02934222107785267
3289;36.32245373725891;0.009820999999999996;-8.910763771121516e-05;-0.0031883379751838914;-0.02635223574358303
3290;36.333168029785156;0.011820999999999998;-8.910763771121516e-05;-0.0031883379751838914;-0.02934222107785267
3291;36.343876361846924;0.010820999999999997;-0.0015994065819691025;-0.007163821734764805;-0.027847228410717406
3292;36.35465979576111;0.008820999999999996;-0.0015994065819691025;-0.0031883379751838914;-0.030837213744987046
3293;36.36542558670044;0.009820999999999996;-8.910763771121516e-05;-0.0031883379751838914;-0.024857243076448654
3294;36.376187324523926;0.010820999999999997;-8.910763771121516e-05;-0.0031883379751838914;-0.03233220641212231
3295;36.3869047164917;0.008820999999999996;-0.0015994065819691025;-0.0031883379751838914;-0.024857243076448654
3296;36.39761710166931;0.009820999999999996;-0.0015994065819691025;-0.0031883379751838914;-0.02934222107785267
3297;36.40833139419556;0.009820999999999996;-8.910763771121516e-05;-0.0031883379751838914;-0.027847228410717406
3298;36.419031858444214;0.010820999999999997;-8.910763771121516e-05;-0.0031883379751838914;-0.02635223574358303
3299;36.42971730232239;0.010820999999999997;-8.910763771121516e-05;-0.007163821734764805;-0.02635223574358303
3300;36.44043469429016;0.009820999999999996;-8.910763771121516e-05;0.0007871457843970225;-0.024857243076448654
3301;36.451151609420776;0.010820999999999997;-8.910763771121516e-05;-0.007163821734764805;-0.024857243076448654
3302;36.46186852455139;0.008820999999999996;-8.910763771121516e-05;-0.0031883379751838914;-0.02635223574358303
3303;36.47267460823059;0.010820999999999997;0.0014211913065466722;-0.0031883379751838914;-0.024857243076448654
3304;36.48339295387268;0.009820999999999996;-8.910763771121516e-05;-0.007163821734764805;-0.02336225040931339
3305;36.4941086769104;0.008820999999999996;-8.910763771121516e-05;-0.0031883379751838914;-0.02635223574358303
3306;36.50477862358093;0.009820999999999996;-8.910763771121516e-05;0.0007871457843970225;-0.02336225040931339
3307;36.515636920928955;0.009820999999999996;-0.0015994065819691025;-0.0031883379751838914;-0.02336225040931339
3308;36.52634906768799;0.009820999999999996;0.0014211913065466722;-0.0031883379751838914;-0.02635223574358303
3309;36.537062883377075;0.010820999999999997;-8.910763771121516e-05;0.0007871457843970225;-0.027847228410717406
3310;36.54777264595032;0.009820999999999996;-0.0015994065819691025;-0.0031883379751838914;-0.02336225040931339
3311;36.55848789215088;0.009820999999999996;-8.910763771121516e-05;-0.0031883379751838914;-0.02934222107785267
3312;36.5691978931427;0.009820999999999996;-0.0015994065819691025;-0.0031883379751838914;-0.024857243076448654
3313;36.580010414123535;0.009820999999999996;-0.0015994065819691025;-0.0031883379751838914;-0.02934222107785267
3314;36.59073352813721;0.010820999999999997;-0.0015994065819691025;-0.007163821734764805;-0.027847228410717406
3315;36.601452589035034;0.009820999999999996;0.0014211913065466722;-0.007163821734764805;-0.027847228410717406
3316;36.61217927932739;0.010820999999999997;-0.0015994065819691025;-0.007163821734764805;-0.03233220641212231
3317;36.62289524078369;0.009820999999999996;-0.0015994065819691025;-0.007163821734764805;-0.024857243076448654
3318;36.633609771728516;0.010820999999999997;-0.0015994065819691025;-0.0031883379751838914;-0.030837213744987046
3319;36.6443305015564;0.009820999999999996;-8.910763771121516e-05;-0.0031883379751838914;-0.027847228410717406
3320;36.65505075454712;0.009820999999999996;-8.910763771121516e-05;0.0007871457843970225;-0.024857243076448654
3321;36.66576170921326;0.008820999999999996;-0.0015994065819691025;-0.007163821734764805;-0.03233220641212231
3322;36.67651629447937;0.009820999999999996;-8.910763771121516e-05;-0.0031883379751838914;-0.02336225040931339
3323;36.6872992515564;0.009820999999999996;-0.0015994065819691025;-0.0031883379751838914;-0.030837213744987046
3324;36.69806146621704;0.010820999999999997;0.0014211913065466722;-0.0031883379751838914;-0.024857243076448654
3325;36.70877695083618;0.008820999999999996;0.0014211913065466722;0.0007871457843970225;-0.024857243076448654
3326;36.719507455825806;0.009820999999999996;-8.910763771121516e-05;-0.0031883379751838914;-0.030837213744987046
3327;36.73024010658264;0.008820999999999996;-0.0015994065819691025;0.0007871457843970225;-0.018877272407909373
3328;36.740957736968994;0.010820999999999997;-8.910763771121516e-05;-0.0031883379751838914;-0.027847228410717406
3329;36.75167512893677;0.009820999999999996;-0.0015994065819691025;-0.0031883379751838914;-0.02635223574358303
3330;36.76239824295044;0.010820999999999997;-8.910763771121516e-05;-0.0031883379751838914;-0.020372265075044638
3331;36.77311658859253;0.009820999999999996;-0.0015994065819691025;0.0007871457843970225;-0.030837213744987046
3332;36.78388261795044;0.009820999999999996;-8.910763771121516e-05;-0.007163821734764805;-0.02336225040931339
3333;36.794657945632935;0.010820999999999997;-0.00310970552622699;-0.007163821734764805;-0.02635223574358303
3334;36.80542492866516;0.009820999999999996;-0.00310970552622699;-0.0031883379751838914;-0.027847228410717406
3335;36.81622314453125;0.009820999999999996;-8.910763771121516e-05;-0.0031883379751838914;-0.021867257742179014
3336;36.82698678970337;0.009820999999999996;-0.0015994065819691025;-0.0031883379751838914;-0.03233220641212231
3337;36.83769989013672;0.008820999999999996;-8.910763771121516e-05;0.0007871457843970225;-0.021867257742179014
3338;36.84842014312744;0.010820999999999997;-8.910763771121516e-05;-0.0031883379751838914;-0.024857243076448654
3339;36.85914158821106;0.009820999999999996;-8.910763771121516e-05;-0.0031883379751838914;-0.03233220641212231
3340;36.869924545288086;0.009820999999999996;-8.910763771121516e-05;-0.0031883379751838914;-0.021867257742179014
3341;36.88073253631592;0.009820999999999996;-0.0015994065819691025;-0.0031883379751838914;-0.03233220641212231
3342;36.89145255088806;0.009820999999999996;-8.910763771121516e-05;-0.0031883379751838914;-0.02635223574358303
3343;36.90218782424927;0.008820999999999996;-8.910763771121516e-05;-0.0031883379751838914;-0.024857243076448654
3344;36.91292643547058;0.011820999999999998;-8.910763771121516e-05;-0.007163821734764805;-0.03233220641212231
3345;36.92365217208862;0.008820999999999996;-8.910763771121516e-05;-0.0031883379751838914;-0.024857243076448654
3346;36.934372663497925;0.008820999999999996;-8.910763771121516e-05;-0.0031883379751838914;-0.02934222107785267
3347;36.94509291648865;0.009820999999999996;-0.0015994065819691025;-0.0031883379751838914;-0.02635223574358303
3348;36.95582056045532;0.008820999999999996;-0.0015994065819691025;-0.0031883379751838914;-0.02635223574358303
3349;36.96654796600342;0.010820999999999997;-8.910763771121516e-05;0.0007871457843970225;-0.024857243076448654
3350;36.977322816848755;0.009820999999999996;0.0014211913065466722;0.0007871457843970225;-0.027847228410717406
3351;36.98808741569519;0.009820999999999996;-0.0015994065819691025;-0.007163821734764805;-0.021867257742179014
3352;36.99880766868591;0.009820999999999996;-8.910763771121516e-05;-0.0031883379751838914;-0.03233220641212231
3353;37.00952100753784;0.008820999999999996;0.0014211913065466722;-0.0031883379751838914;-0.020372265075044638
3354;37.020235776901245;0.008820999999999996;-8.910763771121516e-05;-0.0031883379751838914;-0.02934222107785267
